20
17 8 18 10 12 9 11 19 7 15 6 5 4 11 7 19 6 18 7 15 
7 11 10 10 9 4 20 13 9 18 3 3 15 2 10 14 13 12 7 6 
7 6 11 13 8 5 13 6 5 16 4 17 1 12 3 9 11 9 4 11 
4 19 11 6 10 5 6 13 9 5 8 18 2 2 2 4 17 11 5 9 
19 3 17 12 16 5 4 18 2 13 5 3 14 4 15 3 4 10 10 6 
2 13 8 12 15 5 1 17 15 9 17 19 6 6 16 11 3 16 18 17 
11 10 14 2 20 4 12 4 8 1 8 20 15 13 7 1 11 10 17 7 
4 5 10 10 20 14 9 16 16 20 16 3 3 20 19 19 8 17 16 11 
16 11 9 12 3 19 11 1 13 5 7 14 6 7 6 7 3 15 9 8 
10 6 18 19 1 19 5 3 9 17 16 8 19 10 3 7 10 15 17 17 
11 10 17 14 14 6 7 12 15 17 14 10 1 20 2 8 17 14 1 11 
6 18 1 17 12 15 19 13 2 11 5 14 16 15 13 3 20 19 11 15 
19 7 20 5 8 18 2 16 3 2 11 7 11 10 8 9 1 3 6 2 
19 2 17 14 2 11 5 15 14 3 7 15 16 13 16 8 18 3 15 8 
18 13 5 9 12 16 15 11 16 9 13 17 16 18 14 2 6 12 16 11 
3 4 1 11 20 1 15 12 6 15 16 7 5 20 8 11 20 10 6 20 
15 9 3 17 13 12 6 2 14 17 7 20 6 10 11 8 3 20 16 18 
12 9 16 12 19 5 20 16 20 9 3 10 13 17 1 10 10 16 11 20 
14 19 1 2 5 1 4 19 13 13 9 7 5 12 13 3 4 12 12 6 
11 5 11 5 7 3 16 18 10 6 19 4 19 20 17 18 12 9 9 12 

101 161 96 95 189 193 124 169 112 83 133 135 103 198 181 122 59 104 96 72 