30
2 16 10 15 6 3 4 15 17 17 9 7 15 10 9 2 7 18 3 5 7 8 2 18 10 5 2 3 6 17 
9 20 14 2 9 11 17 10 15 3 4 9 2 6 3 1 10 5 11 17 15 17 19 7 9 2 3 6 17 7 
13 2 2 11 2 1 5 17 17 2 15 12 15 11 6 17 17 16 1 5 7 15 10 4 4 3 12 1 12 18 
14 11 18 7 3 2 9 3 19 5 9 9 9 13 13 20 11 17 10 18 18 17 20 7 20 8 8 7 18 18 
15 19 12 16 18 14 18 12 11 20 8 20 7 15 12 18 7 1 1 9 5 17 14 7 4 17 15 5 12 5 
15 13 7 15 20 6 10 12 17 4 7 10 1 9 10 9 19 11 18 18 16 5 13 5 8 14 5 8 5 1 
2 1 13 14 2 11 16 18 18 6 15 14 6 16 17 4 3 16 9 5 9 12 12 18 9 10 8 12 10 20 
16 6 3 14 18 1 9 7 6 5 13 17 8 3 9 10 8 13 6 15 3 13 11 20 17 6 5 17 6 11 
6 8 1 15 19 20 20 5 6 18 13 20 6 7 10 15 11 4 8 3 17 16 15 19 13 8 20 14 3 15 
11 2 19 11 7 13 2 10 17 20 18 16 18 10 12 4 18 15 10 17 10 14 19 15 14 10 3 19 20 18 
7 11 17 10 9 13 16 7 10 5 13 2 11 13 9 17 14 16 2 11 8 2 10 19 7 12 14 3 12 18 
10 4 11 2 13 9 3 10 4 7 18 10 14 4 16 18 3 2 10 2 4 14 1 3 20 14 3 8 12 14 
20 3 9 3 14 8 16 2 6 5 16 5 1 3 7 2 3 10 2 20 15 14 13 8 1 4 14 10 20 20 
14 6 2 8 8 18 4 1 2 17 11 6 14 11 9 14 12 16 1 12 7 16 14 16 18 6 15 9 2 4 
18 20 19 16 19 2 19 16 17 6 4 18 7 8 10 13 16 18 13 6 15 5 11 14 7 6 15 14 13 6 
13 9 1 18 9 11 4 15 11 13 20 18 7 17 2 16 20 16 10 9 17 10 16 2 20 1 3 6 11 15 
17 20 4 5 17 5 13 18 1 12 7 16 18 12 2 4 6 4 4 16 20 11 19 8 9 17 4 1 11 6 
18 3 9 2 4 19 10 2 5 11 15 2 11 20 20 1 9 5 3 8 18 1 6 15 1 14 3 4 17 8 
6 10 10 13 17 4 9 7 17 8 18 15 3 19 13 8 17 3 15 9 18 8 16 5 8 4 20 17 14 7 
5 17 9 14 10 20 4 20 14 14 4 8 3 18 11 6 1 18 15 6 3 19 16 9 14 7 14 4 17 8 
4 4 2 8 18 7 1 20 12 17 4 9 12 17 8 18 11 10 1 11 8 9 5 5 1 14 2 8 5 9 
11 5 8 12 19 16 18 15 3 18 17 13 16 1 10 18 13 19 17 18 6 14 4 16 16 7 7 19 10 3 
6 9 5 16 17 20 3 19 14 8 12 17 17 5 16 3 6 2 18 7 1 18 15 1 3 1 10 7 18 10 
12 1 5 7 11 10 3 3 19 14 7 9 20 13 9 7 7 8 17 9 14 14 20 6 10 18 19 1 1 17 
2 11 6 3 9 18 15 20 6 5 15 9 17 16 1 13 17 20 17 2 8 10 20 4 13 18 3 2 1 16 
8 9 7 2 6 16 9 8 3 12 9 10 19 4 3 2 5 18 2 13 6 8 18 5 2 2 18 6 19 6 
9 10 20 6 14 9 20 17 9 8 17 20 16 11 12 13 20 7 5 12 6 16 13 4 4 15 6 13 8 11 
6 5 8 16 19 10 13 16 12 11 15 8 16 10 20 17 8 11 14 2 8 2 20 12 7 8 3 14 3 11 
6 7 7 12 10 16 18 14 4 4 5 5 9 11 3 1 11 10 10 3 7 9 7 8 16 17 13 6 16 14 
8 14 11 20 2 2 18 20 18 2 2 16 9 12 11 7 7 17 12 17 18 20 19 13 16 12 6 3 20 8 

61 128 199 83 106 83 173 92 194 163 134 157 175 184 133 74 93 195 200 73 96 157 193 125 136 143 95 187 172 102 