30
17 18 2 17 12 17 20 10 8 19 17 13 17 3 5 12 12 3 2 12 2 3 17 13 1 3 18 7 4 20 
8 17 13 16 15 11 16 6 11 1 18 16 8 1 8 19 3 8 13 7 19 4 9 8 13 10 18 10 9 5 
13 13 10 16 14 4 1 9 7 12 12 4 19 11 19 14 14 8 6 18 18 8 5 7 11 9 3 10 1 4 
11 17 18 11 8 6 14 11 16 14 4 18 16 5 1 17 12 17 19 6 12 12 11 3 4 10 18 13 16 18 
3 1 6 19 14 17 14 12 9 20 17 17 10 7 6 16 12 1 19 10 1 15 4 15 20 16 5 11 17 12 
19 14 5 14 3 9 18 9 3 18 12 3 10 16 13 17 15 2 19 19 18 19 17 3 20 20 13 19 12 9 
19 11 20 8 17 8 7 1 3 18 7 6 2 14 2 6 1 13 7 19 3 16 11 17 1 18 5 10 11 5 
15 6 7 3 19 18 10 4 14 10 6 2 16 1 12 10 2 6 17 14 13 19 9 19 2 8 19 9 2 14 
2 5 15 15 5 16 20 7 3 7 19 17 9 16 4 16 7 18 16 18 4 6 3 14 18 13 14 19 4 18 
12 3 20 17 12 8 8 18 18 12 17 6 5 20 12 3 19 17 19 16 12 20 6 12 1 4 2 19 5 20 
1 12 16 1 16 17 11 6 9 2 20 14 10 12 2 12 3 6 2 10 12 8 13 12 11 9 9 17 18 2 
18 14 19 2 10 13 13 3 12 3 11 19 10 2 14 20 12 15 14 4 10 10 10 13 20 2 16 6 2 15 
9 13 2 6 17 15 20 3 20 1 20 11 3 8 9 16 1 18 11 10 15 14 8 11 3 3 18 6 1 13 
11 5 11 8 17 17 12 3 9 13 9 14 19 8 17 13 9 19 3 6 20 17 15 15 13 18 8 4 2 15 
20 4 7 7 15 1 2 3 8 13 17 6 4 7 8 4 6 12 19 2 8 10 10 13 2 9 14 17 4 15 
13 11 7 12 10 18 14 20 6 4 18 12 1 7 5 14 9 9 7 15 13 8 19 10 2 2 5 16 15 17 
6 14 12 7 9 2 4 12 8 20 11 16 18 4 5 12 1 1 20 7 9 1 10 3 9 19 2 18 8 7 
14 7 3 12 5 14 18 7 8 18 1 9 13 1 3 5 17 20 5 19 6 14 19 9 20 12 9 9 14 13 
1 11 17 9 6 6 6 15 19 12 2 20 4 10 10 19 8 15 12 10 11 5 4 2 19 13 4 12 20 18 
17 15 19 18 17 10 14 18 12 18 19 15 7 3 5 15 14 7 11 17 1 14 2 15 15 15 6 17 14 14 
6 16 20 16 16 4 5 8 16 16 19 10 9 4 13 5 15 16 20 6 1 9 10 19 16 8 5 20 20 15 
16 11 3 19 10 4 1 1 15 18 10 12 7 16 17 6 16 13 4 11 1 1 7 17 19 19 16 16 8 7 
12 9 13 9 9 13 15 17 20 3 1 17 11 20 17 9 8 17 13 6 16 16 17 11 20 8 16 5 1 8 
17 20 11 2 11 9 5 16 13 8 6 18 9 2 9 2 2 9 4 1 1 13 14 8 4 5 16 15 12 9 
5 9 2 10 14 16 2 4 4 16 11 9 14 11 4 3 10 4 4 14 16 19 15 17 9 8 17 3 14 19 
20 20 8 6 6 9 9 7 1 1 9 1 6 13 10 9 4 3 18 4 5 12 12 20 18 6 12 17 12 12 
9 12 6 1 2 7 14 8 13 16 11 7 10 19 5 3 8 6 8 10 20 11 15 19 17 18 4 10 10 14 
16 2 3 12 7 14 1 17 1 20 6 17 17 11 18 12 8 18 5 5 13 1 2 9 14 15 20 18 5 15 
16 6 4 7 20 10 1 8 20 18 18 17 7 7 4 10 2 16 11 12 8 1 1 14 3 11 8 12 4 12 
18 20 14 7 9 8 13 1 10 18 5 1 17 2 1 5 13 15 4 12 18 8 13 9 16 19 20 16 2 13 

96 52 175 64 52 89 55 89 71 164 155 177 187 112 134 84 177 71 91 57 145 85 134 85 113 96 88 115 135 175 