20
5 20 19 7 18 19 3 20 17 9 20 3 18 10 7 12 14 2 10 1 
5 20 11 18 15 13 1 3 10 13 9 13 3 8 18 2 7 8 5 16 
13 15 9 6 6 18 18 18 4 5 15 15 13 6 13 9 16 6 13 13 
2 10 10 3 7 11 7 15 13 13 10 1 14 1 3 20 1 10 7 19 
5 16 18 5 9 14 7 11 15 18 8 13 12 2 20 5 4 17 16 16 
4 11 2 6 9 12 18 9 13 5 2 20 12 2 15 15 14 4 13 10 
15 10 4 15 8 7 11 12 3 17 19 9 8 3 5 4 14 11 6 16 
15 16 13 9 18 14 15 8 7 7 13 4 10 4 3 15 2 13 8 6 
12 4 3 14 18 17 13 8 13 8 10 20 5 7 13 4 5 8 7 20 
5 11 16 13 20 10 8 15 1 5 10 4 1 8 4 7 18 8 18 6 
6 2 14 15 1 14 3 2 8 17 6 13 10 20 10 8 15 20 8 5 
6 17 1 18 12 17 3 2 9 2 20 14 9 10 14 5 5 8 12 6 
9 17 9 14 5 7 10 17 9 15 20 13 8 9 11 8 17 15 19 17 
14 6 7 5 18 11 9 4 1 4 15 5 2 2 11 1 10 20 6 1 
20 13 5 5 1 13 12 5 10 4 13 5 4 12 9 13 12 7 17 9 
12 12 7 3 19 20 18 20 13 19 7 20 1 12 5 2 17 18 13 4 
10 1 10 6 13 11 7 9 7 3 20 18 11 16 6 11 2 4 7 14 
10 18 5 10 15 9 4 7 11 9 12 19 10 2 7 13 10 14 14 20 
10 13 10 18 13 7 3 17 1 9 6 9 2 14 1 19 6 7 12 18 
1 17 8 19 12 11 12 14 1 1 12 2 4 7 15 8 18 19 18 8 

181 97 150 160 171 133 109 188 69 170 104 120 134 126 164 101 137 104 71 64 