20
16 17 16 18 13 5 10 7 1 6 5 10 5 6 20 10 4 17 15 15 
7 1 19 1 4 15 5 17 1 9 1 9 5 12 2 17 16 4 10 1 
17 1 6 17 18 14 15 13 4 7 11 19 4 19 16 14 7 4 1 16 
16 18 5 15 14 2 1 2 2 13 8 3 13 11 19 5 4 15 14 5 
19 13 8 7 17 3 14 9 17 6 6 20 16 11 8 20 3 15 3 1 
10 15 1 13 18 12 16 7 1 8 7 13 13 10 7 14 10 16 7 11 
2 7 18 20 13 20 17 10 10 7 11 14 9 11 2 17 3 13 3 1 
6 5 7 6 12 11 18 4 11 15 16 15 20 9 9 7 20 3 15 10 
2 16 14 3 12 9 15 17 2 2 12 14 2 17 3 1 19 7 9 7 
17 19 17 11 9 13 5 17 16 3 7 2 18 6 8 3 8 12 5 1 
18 1 6 5 11 6 19 1 4 5 15 20 1 12 2 16 19 19 6 15 
18 3 5 16 18 14 17 12 19 14 20 15 13 16 14 17 16 14 10 10 
8 2 15 6 8 19 6 1 15 6 7 13 20 6 17 14 10 15 1 17 
8 9 13 13 17 1 15 17 4 9 2 2 4 16 2 4 1 13 16 1 
17 17 2 15 15 1 7 5 1 1 10 15 17 10 1 7 4 8 17 11 
19 11 13 10 5 17 14 16 11 17 5 7 14 11 18 3 15 19 20 1 
9 10 3 7 19 9 2 18 2 2 8 3 7 16 15 14 3 6 16 13 
18 13 7 18 8 14 6 16 5 15 8 17 5 16 16 20 10 5 17 6 
14 12 7 20 8 11 12 3 1 7 13 12 2 5 18 13 20 7 7 18 
2 12 7 6 17 9 1 9 14 1 12 13 16 7 4 17 8 11 5 4 

0 300 126 223 126 364 171 131 302 116 332 375 178 168 279 191 167 124 373 369 