20
99 1 26 98 6 82 38 94 24 41 77 57 100 3 80 63 81 35 17 76 
29 26 70 97 15 7 33 57 27 95 46 76 63 50 27 94 21 58 76 12 
43 88 85 35 16 93 7 34 64 61 99 62 43 13 47 9 90 35 72 91 
66 9 62 82 55 58 90 83 52 41 42 63 85 63 68 95 58 85 18 25 
79 42 16 90 91 13 55 100 23 73 80 21 32 6 32 2 77 20 35 64 
73 51 64 13 7 47 80 85 46 21 74 53 87 89 21 22 43 11 47 61 
50 24 53 5 98 81 21 36 14 17 25 29 74 72 77 24 99 93 19 13 
50 72 68 5 69 19 95 40 87 27 63 63 3 36 31 9 86 44 62 58 
57 12 86 27 5 14 77 30 44 8 79 90 50 47 48 57 14 91 81 36 
73 42 16 27 69 62 84 15 3 90 52 98 99 92 5 93 2 22 11 53 
4 79 1 3 45 65 90 8 81 63 65 57 31 45 46 38 41 77 61 34 
66 64 15 4 24 74 61 31 80 18 66 10 95 22 1 86 21 56 24 81 
20 15 7 35 40 18 53 4 92 65 40 23 38 22 22 25 3 19 85 79 
5 2 81 47 81 39 34 84 54 93 28 76 7 10 81 65 39 29 71 51 
67 52 64 94 49 10 4 5 16 49 90 32 69 43 31 89 71 32 33 32 
30 7 53 78 98 1 4 7 19 75 7 75 10 44 53 19 63 80 82 35 
68 38 38 68 22 55 63 53 4 86 85 79 52 30 65 10 59 40 43 4 
95 44 41 46 43 95 44 1 7 62 95 16 52 1 49 84 81 100 20 57 
93 14 93 73 24 48 30 16 79 85 97 51 37 1 53 82 71 52 64 52 
3 57 27 94 92 39 84 63 14 27 1 92 56 73 61 15 39 72 17 3 

0 92 122 168 176 177 163 163 54 59 73 149 127 185 163 143 194 117 189 119 