30
82 8 66 10 35 34 9 24 94 31 73 57 7 16 11 80 97 50 42 78 99 10 83 72 2 90 37 91 70 48 
95 92 87 11 20 66 71 21 66 32 56 80 70 41 73 55 5 81 20 61 55 27 55 39 29 8 6 7 37 65 
12 32 22 24 75 82 55 70 80 23 52 94 70 1 56 39 90 24 50 69 18 36 26 77 52 93 86 52 64 56 
35 22 24 53 60 57 2 94 58 81 62 69 58 50 66 56 47 39 32 82 89 33 20 14 81 80 47 7 18 37 
14 80 42 50 97 60 8 65 35 28 94 48 74 42 29 31 49 68 95 87 91 59 59 44 29 39 98 52 57 16 
45 93 63 90 14 39 95 22 53 16 69 30 97 41 77 93 94 11 40 71 53 99 68 52 42 22 55 37 57 17 
83 74 88 73 19 8 48 20 68 16 91 45 20 26 18 61 89 26 39 20 89 11 18 43 79 25 88 1 13 61 
81 33 80 83 9 38 80 57 87 43 32 83 79 4 56 82 93 90 23 93 46 17 43 34 90 80 12 90 54 58 
55 75 44 23 99 2 66 11 49 1 82 51 52 67 4 41 68 50 34 47 52 48 81 31 11 62 24 21 29 4 
30 97 76 19 42 78 14 55 98 3 39 65 27 15 15 71 79 24 8 33 50 9 57 64 53 71 21 43 68 78 
67 91 57 36 63 93 56 98 2 77 74 30 73 62 48 90 7 27 60 4 65 52 57 81 45 65 3 87 89 18 
39 7 87 72 67 77 63 30 18 59 3 98 82 54 76 88 6 32 21 61 14 30 68 35 54 68 40 25 17 76 
37 13 70 36 47 45 58 3 69 82 100 11 90 23 35 37 42 11 87 14 8 8 66 31 51 68 75 12 7 86 
19 73 29 65 97 97 4 1 26 99 46 60 16 94 55 27 93 91 85 54 49 3 29 77 91 75 54 7 51 99 
99 85 30 66 63 39 60 86 24 57 89 43 83 73 58 20 12 35 17 70 53 83 75 65 42 48 48 52 27 25 
15 65 69 38 8 96 10 82 27 5 8 94 93 42 3 68 8 94 98 92 69 24 83 69 45 83 53 23 23 15 
83 89 48 48 51 21 16 87 2 70 25 33 11 25 63 91 6 42 63 8 3 6 34 92 50 46 65 51 53 35 
61 55 40 75 96 81 98 82 44 46 71 99 98 21 65 29 34 4 37 48 96 45 88 19 50 73 8 6 38 9 
60 26 2 75 58 29 82 33 87 22 36 71 83 15 46 25 83 86 1 3 14 51 50 29 95 69 12 93 53 4 
99 72 92 79 83 69 5 13 93 69 75 3 70 9 62 42 67 2 65 42 46 16 73 48 47 11 46 88 3 89 
82 40 5 64 27 16 29 42 90 53 79 89 62 59 70 4 26 47 54 64 19 16 69 6 18 12 15 32 8 13 
40 54 45 71 37 36 71 38 63 68 85 3 26 18 12 21 30 67 32 3 56 36 2 15 27 35 53 23 52 80 
5 79 1 20 43 60 63 35 99 61 48 1 64 27 13 28 59 43 10 32 35 53 69 11 90 12 31 91 58 67 
84 26 39 88 5 87 68 88 55 28 64 85 90 67 96 45 32 43 30 57 95 87 78 26 6 50 71 5 92 87 
72 8 15 4 54 57 57 62 62 68 6 79 2 27 48 50 58 43 45 83 90 91 85 52 82 32 91 55 60 22 
40 13 19 95 9 20 50 66 91 31 60 20 85 66 2 45 82 47 32 82 59 27 41 51 74 40 97 42 47 59 
28 39 91 20 2 63 80 62 21 65 83 47 86 70 5 24 21 44 61 11 87 36 76 49 19 10 4 43 81 36 
63 90 2 87 97 14 34 93 95 81 46 4 42 71 57 91 28 15 74 61 8 93 12 74 87 35 91 26 98 40 
9 29 12 44 88 54 97 3 17 36 67 16 37 54 18 76 13 93 6 82 19 38 24 86 45 75 41 21 59 89 
49 72 31 73 87 19 85 78 78 10 78 42 35 82 87 23 57 98 26 52 26 80 59 88 70 27 32 65 14 92 

0 244 332 217 125 274 235 224 105 249 106 107 343 217 142 102 312 157 285 104 103 280 197 370 395 348 220 197 126 185 