50
1 2 2 5 35 17 19 7 4 9 10 33 31 50 2 17 28 15 32 50 22 13 28 19 38 28 14 25 3 9 25 47 18 9 17 15 34 41 40 11 40 13 14 38 21 23 21 25 19 37 
43 48 38 39 33 18 28 42 30 38 43 31 15 21 48 50 3 16 25 5 44 13 22 41 17 28 14 33 35 28 36 15 37 3 43 32 2 2 5 20 39 13 27 45 24 5 17 24 22 43 
19 11 3 24 10 25 29 2 27 41 19 43 29 29 35 15 20 4 50 40 10 15 18 44 6 2 11 14 39 11 46 47 17 37 30 11 9 13 41 49 20 47 14 10 29 43 11 31 13 29 
48 17 13 16 21 19 27 38 49 22 12 36 5 46 15 40 34 9 49 3 7 43 33 2 23 31 24 15 33 16 7 15 20 30 2 27 31 19 13 42 35 16 25 10 1 39 29 21 32 46 
48 14 7 26 40 7 44 22 2 32 11 6 4 50 46 16 30 15 32 6 13 16 30 7 42 45 2 8 35 30 9 12 18 29 15 32 5 12 22 20 48 23 16 35 27 6 15 24 44 6 
35 48 2 27 1 18 8 26 6 40 33 27 12 49 50 31 39 33 20 39 47 45 39 20 44 27 34 8 40 32 50 28 20 33 42 14 29 29 44 18 15 10 43 1 23 46 21 38 37 24 
44 14 38 26 12 14 46 48 33 9 31 22 10 22 44 34 35 29 26 34 29 12 5 28 46 34 29 20 22 1 25 39 2 39 24 29 20 12 41 30 47 20 18 45 26 42 30 3 8 26 
8 47 36 41 23 41 25 40 35 27 44 10 36 46 1 41 1 43 49 42 2 27 2 24 30 44 35 31 24 44 23 29 11 12 43 38 30 20 21 34 37 34 13 33 5 12 2 25 35 8 
39 4 28 29 3 20 21 5 31 43 8 20 35 14 1 49 38 8 41 1 9 13 19 48 34 18 25 28 38 7 48 50 11 30 38 13 7 1 19 18 3 49 3 22 45 10 48 49 25 23 
14 15 31 40 18 2 32 8 38 42 21 8 9 48 44 39 36 36 5 48 10 36 17 47 37 40 4 40 23 18 48 6 41 37 40 1 43 18 20 12 10 31 39 40 50 50 13 36 11 22 
42 34 12 24 36 15 36 29 44 37 28 10 11 7 30 23 38 47 10 26 32 10 28 33 46 14 25 42 33 18 48 2 39 29 47 22 9 32 39 20 12 37 43 20 14 12 10 49 8 25 
38 28 35 19 27 15 43 20 22 17 27 25 22 27 5 16 32 16 46 43 27 32 31 2 11 45 36 16 27 47 11 37 41 44 33 28 29 34 48 5 37 6 23 49 11 8 35 25 43 40 
25 42 25 19 14 19 21 35 50 50 20 29 47 29 46 41 3 36 41 35 13 7 47 37 41 8 34 1 16 42 35 39 11 21 7 27 37 10 14 39 30 48 9 42 43 9 44 22 35 15 
16 18 38 9 27 29 49 8 2 30 31 30 25 44 37 14 38 3 26 10 38 39 26 34 37 45 30 50 19 45 12 34 35 8 32 18 42 43 31 34 1 36 10 2 23 14 25 14 17 27 
43 15 50 19 6 49 35 10 19 41 45 26 46 21 6 10 12 37 17 16 44 43 23 29 25 7 24 28 38 50 44 38 12 40 30 39 8 47 17 9 43 50 10 41 17 36 27 37 45 17 
50 9 18 31 1 36 38 12 33 36 32 15 5 18 9 13 7 3 12 43 25 31 29 14 20 8 30 9 37 6 30 35 48 50 20 25 45 35 9 37 10 3 20 27 18 23 44 50 11 1 
21 12 7 6 44 25 28 30 49 24 42 34 50 20 10 9 27 36 35 13 18 31 46 6 16 23 48 23 36 30 18 49 35 49 6 5 8 42 27 27 27 34 9 39 38 17 8 37 8 3 
46 6 36 32 12 44 44 31 19 23 49 41 2 5 22 40 29 32 21 27 32 30 8 19 16 21 31 30 47 30 35 11 27 13 38 27 48 39 29 24 23 14 9 25 13 25 10 44 33 26 
8 33 28 17 30 48 39 44 2 45 7 46 17 14 20 40 22 50 4 9 15 44 21 33 7 21 6 30 43 33 30 14 15 11 45 6 47 9 28 6 15 6 11 9 14 7 42 50 43 3 
22 41 13 14 50 45 34 34 27 47 20 6 26 24 45 20 3 38 38 32 46 5 28 8 37 25 19 46 20 41 28 48 42 22 7 18 8 46 19 5 27 3 8 41 23 28 40 39 18 10 
12 47 8 28 25 49 40 25 10 38 24 3 39 10 13 35 49 46 28 23 2 35 49 30 42 11 9 48 27 38 28 44 37 48 9 48 18 30 48 16 20 45 46 5 9 17 38 27 33 50 
1 8 12 21 11 2 5 2 17 20 26 45 31 26 10 16 23 11 19 31 23 17 10 11 23 43 50 17 23 7 13 26 32 27 44 35 28 36 23 3 36 35 2 38 2 32 26 50 16 8 
27 44 43 44 45 8 43 38 8 22 3 42 46 11 50 31 3 28 35 25 43 1 38 3 22 8 50 30 37 8 28 13 21 36 9 14 44 4 5 27 5 44 15 29 37 38 2 38 32 23 
33 16 21 29 31 46 31 47 12 36 11 4 13 19 28 11 2 35 17 31 11 23 13 12 21 15 34 40 4 6 21 45 21 14 47 35 23 15 46 38 45 10 37 50 15 1 31 40 40 17 
4 2 12 48 49 22 17 42 48 8 4 14 32 16 5 9 3 44 44 7 25 32 32 41 31 49 36 24 22 4 10 29 48 2 2 39 4 13 9 1 11 46 45 17 44 6 45 39 2 27 
47 43 26 12 32 34 40 30 14 46 18 25 45 41 32 19 37 1 16 21 49 14 47 26 22 3 44 40 35 21 35 39 40 8 23 9 50 46 33 15 31 45 21 20 25 30 48 4 42 36 
18 6 28 9 17 48 47 16 30 13 23 41 50 8 1 32 13 17 22 26 20 34 11 49 22 19 3 36 38 28 42 36 24 4 26 47 20 24 12 38 33 21 6 35 46 27 16 3 3 12 
18 27 33 50 22 32 32 41 34 28 41 22 45 24 10 35 10 24 18 5 42 27 39 37 46 43 30 9 43 26 15 5 24 25 29 35 49 7 21 40 7 14 25 14 40 3 45 50 46 1 
24 16 24 28 35 10 46 12 2 37 20 36 18 50 8 23 19 48 16 50 23 46 13 15 26 46 16 4 16 50 25 43 36 32 41 26 7 35 28 50 31 37 14 44 47 27 32 38 21 43 
40 32 45 36 12 9 20 6 43 39 37 49 17 23 13 11 19 47 1 1 29 16 29 22 30 10 14 31 41 11 36 25 3 12 39 42 22 15 30 48 19 39 44 20 44 14 24 21 18 35 
18 48 43 22 9 27 21 48 38 31 30 20 40 29 36 11 4 50 44 8 38 26 42 20 8 7 30 1 42 49 30 9 31 18 37 6 28 48 46 30 27 26 48 3 7 47 46 50 40 16 
27 24 28 5 27 8 44 5 36 47 4 29 36 21 29 21 4 16 39 23 22 26 3 5 11 29 4 20 37 40 10 34 14 32 23 27 39 32 12 39 12 17 5 19 18 31 7 28 35 49 
3 13 3 5 39 33 49 21 50 39 17 26 14 24 12 38 3 12 40 18 48 33 7 24 42 33 14 50 19 14 25 21 35 11 11 36 35 38 9 33 37 45 28 19 32 5 46 18 43 31 
37 24 10 24 28 36 39 4 23 20 28 40 3 28 6 3 8 34 6 39 28 34 23 25 21 26 16 16 39 29 42 24 20 14 47 8 15 31 30 22 38 38 23 6 32 7 9 5 33 20 
47 16 48 2 4 16 32 26 14 8 32 4 25 47 4 22 17 4 39 14 50 41 7 9 11 49 7 14 46 5 46 50 6 13 7 27 50 4 26 31 12 26 16 27 20 49 11 4 18 42 
31 25 4 36 21 23 10 4 29 22 44 35 33 41 35 42 2 40 2 17 11 19 20 17 21 37 1 33 5 11 2 24 16 36 43 24 25 31 5 5 21 41 21 43 13 21 39 7 6 47 
38 3 9 48 30 14 12 30 39 49 42 26 7 37 7 21 34 1 36 9 49 45 39 31 49 40 48 7 41 38 32 7 44 9 12 31 47 44 13 48 26 8 15 16 23 15 16 13 14 27 
42 30 45 50 31 29 48 40 20 4 5 50 8 30 8 6 22 2 15 39 7 36 9 40 32 46 42 11 41 40 38 38 12 24 36 41 16 12 32 20 43 3 13 32 16 25 7 16 24 8 
41 48 47 33 41 27 15 10 16 25 20 3 44 17 1 36 38 15 30 4 50 39 33 20 40 17 33 6 32 17 27 28 1 19 19 50 3 45 10 39 42 45 4 4 44 37 4 7 12 40 
28 10 19 8 10 33 17 44 31 9 3 11 38 20 30 4 37 35 14 21 17 44 35 47 33 41 50 5 19 19 32 20 35 40 14 16 49 8 45 25 47 7 50 49 45 2 36 48 15 2 
9 43 26 18 4 1 42 39 48 4 35 16 43 21 10 6 4 20 22 10 15 28 14 48 31 41 43 43 22 38 8 43 43 48 7 25 8 41 20 10 25 47 42 17 40 36 30 40 40 3 
38 49 17 10 39 11 25 48 11 3 2 46 32 2 4 3 5 21 26 21 11 45 17 37 10 47 37 18 21 4 26 26 34 32 34 3 24 26 42 21 21 6 29 38 9 7 34 11 29 11 
12 43 32 48 11 12 44 40 50 12 47 43 40 21 27 6 32 47 23 28 14 27 22 50 6 20 27 34 19 14 42 24 40 45 31 46 50 27 4 45 29 38 41 10 21 12 6 11 25 25 
32 41 38 23 17 24 19 19 27 14 34 42 25 36 1 48 12 24 2 22 6 7 22 21 46 37 7 37 45 30 25 3 12 15 25 19 45 16 4 3 18 28 29 33 17 27 13 39 44 9 
35 44 37 39 48 37 16 41 42 10 14 9 35 47 8 21 16 10 6 4 43 26 28 22 5 50 25 1 14 6 28 46 26 3 12 44 4 48 18 20 38 42 48 1 18 31 12 4 15 10 
37 30 9 47 8 34 5 28 40 29 22 45 8 41 10 43 38 43 28 38 15 24 41 4 31 37 35 50 45 44 8 28 26 15 23 37 2 1 7 18 32 14 6 16 3 37 32 37 39 12 
26 47 29 17 39 24 40 50 17 45 50 27 42 40 5 34 8 1 7 5 35 6 5 49 29 32 17 43 20 20 1 44 23 37 37 5 21 42 45 22 22 23 27 5 19 38 6 31 43 47 
8 40 17 31 1 31 44 47 38 48 9 43 39 14 1 33 35 11 31 6 9 34 34 39 41 14 38 18 45 18 25 7 22 17 32 48 5 46 10 7 18 32 32 25 5 41 7 47 44 43 
37 26 45 25 44 9 43 24 1 20 16 4 31 28 40 3 28 9 25 41 22 22 50 19 34 44 34 5 13 28 8 45 24 24 44 34 12 31 48 50 43 20 33 7 7 19 2 4 47 2 
44 47 24 21 49 3 21 7 50 23 12 41 29 31 44 3 1 45 43 50 19 42 21 50 49 33 19 5 28 44 44 36 15 2 5 38 2 34 1 8 33 5 43 19 43 6 42 45 16 4 

0 695 193 877 541 667 926 830 312 712 369 526 772 307 286 833 241 513 848 513 753 769 392 942 744 392 402 561 987 439 391 857 789 553 772 549 544 147 902 179 969 929 963 982 528 692 328 940 228 537 