100
28 50 32 13 42 8 14 28 45 35 23 34 40 31 49 13 46 3 8 22 35 20 29 42 34 7 3 39 48 29 11 49 36 43 23 28 23 17 36 37 37 33 45 16 33 47 4 11 13 48 18 1 7 49 5 47 23 32 15 24 14 45 47 28 21 14 7 40 15 18 2 35 4 43 31 31 8 8 22 41 22 25 45 15 10 43 48 4 12 47 22 2 38 20 5 39 30 6 49 29 
13 47 44 22 19 2 10 10 40 10 29 16 49 4 48 17 40 11 48 4 25 26 28 25 23 10 2 25 21 48 13 12 30 24 44 17 30 35 7 9 48 44 38 31 31 3 43 33 2 20 32 33 16 26 4 24 19 16 37 21 34 24 18 6 45 2 9 29 12 32 43 19 11 2 23 1 43 43 34 50 10 24 45 37 37 30 3 21 13 21 1 14 22 11 37 42 33 36 35 16 
39 29 36 16 3 28 16 31 14 35 2 3 50 8 36 8 24 24 20 18 16 9 45 27 22 15 4 25 24 34 38 37 27 6 30 50 5 6 21 20 28 17 43 34 25 40 15 7 23 35 20 49 28 44 3 25 46 39 14 7 19 46 12 6 9 20 32 1 12 36 43 34 40 17 44 37 48 50 3 9 48 2 49 45 21 8 29 21 48 10 39 19 5 19 19 4 27 26 37 46 
46 48 36 19 7 29 6 41 11 7 35 49 40 24 45 11 27 33 5 21 31 4 13 28 9 40 11 6 43 20 44 13 17 29 50 40 23 13 45 16 39 40 18 34 10 49 28 29 10 13 2 3 44 45 42 39 26 33 32 44 29 37 10 26 44 17 49 34 40 12 37 37 39 39 11 9 11 14 14 19 19 8 26 46 17 8 2 20 27 8 10 10 50 27 4 22 8 36 42 27 
32 31 12 10 3 14 12 26 46 23 47 44 30 50 2 38 32 9 38 16 9 26 39 16 36 9 10 17 30 7 36 33 43 24 50 23 23 3 9 40 36 44 9 17 17 38 33 50 30 39 42 39 9 5 42 17 38 25 25 25 31 49 8 49 38 6 7 26 12 1 1 17 12 17 1 50 9 31 9 33 27 19 1 4 21 25 46 8 43 30 48 19 37 37 48 28 3 16 37 35 
11 48 35 48 2 43 23 1 29 23 39 2 21 12 35 16 33 47 10 13 42 23 45 31 23 50 7 20 4 42 7 9 34 2 38 45 41 45 42 38 20 40 7 19 23 5 9 26 32 43 10 45 48 1 24 5 45 3 12 41 49 42 39 2 39 15 26 25 31 5 38 33 4 8 41 41 23 42 50 43 25 28 33 4 21 5 45 24 8 7 34 32 34 25 7 39 1 45 44 3 
16 15 40 1 15 4 35 41 30 45 34 31 43 2 14 41 47 20 9 38 33 18 14 25 10 2 9 5 35 10 28 43 31 40 45 46 30 27 49 27 47 12 40 1 1 46 31 27 19 48 30 39 7 3 7 32 29 4 49 12 24 39 44 41 13 6 46 11 42 6 16 34 43 29 44 1 32 5 30 47 28 42 1 41 25 45 22 41 50 33 3 38 43 12 12 29 33 33 28 32 
28 9 43 33 39 18 44 6 21 38 7 26 20 15 21 34 11 44 12 27 3 10 15 11 22 3 9 38 5 3 26 32 46 14 48 50 2 25 17 45 30 39 32 34 22 16 31 25 30 49 2 15 21 7 47 26 49 25 46 12 33 34 28 28 19 50 39 6 30 22 15 11 31 42 48 49 1 37 28 49 14 11 10 34 44 22 8 11 22 17 46 5 27 5 38 2 30 40 12 49 
49 19 24 48 33 6 25 24 30 9 3 42 34 5 29 43 19 28 25 43 20 8 41 35 22 3 3 5 49 42 31 34 45 7 9 18 36 30 23 33 3 19 6 31 17 24 23 9 42 4 4 18 43 9 36 39 1 27 36 41 20 20 15 33 49 24 21 37 22 43 4 48 9 45 13 3 5 10 37 23 35 44 20 6 12 46 37 18 42 39 29 7 12 25 14 24 38 18 4 21 
8 39 41 14 35 40 23 27 7 21 1 40 29 19 45 13 7 42 5 10 35 19 10 28 27 45 16 10 36 11 43 19 15 25 19 1 13 15 19 39 38 13 46 24 5 20 41 22 26 34 1 31 21 22 11 8 3 35 42 45 6 6 32 4 40 32 27 21 17 24 20 34 35 26 16 19 29 1 1 46 26 47 5 23 16 27 32 13 34 34 23 31 31 18 5 32 16 2 5 2 
29 26 18 4 40 14 2 29 2 48 21 11 22 1 8 32 32 13 21 43 12 48 46 46 50 45 4 45 17 9 25 46 17 36 48 18 12 9 10 12 4 12 30 48 21 5 31 47 37 48 40 35 7 37 15 25 44 12 4 50 22 46 17 30 4 10 20 29 40 16 12 27 48 46 47 12 30 8 20 38 15 3 26 19 16 3 40 47 24 4 9 50 41 8 4 26 10 28 33 30 
9 30 34 9 47 48 32 6 17 12 22 17 20 12 35 40 36 18 14 27 27 49 11 39 19 5 37 9 29 38 28 26 34 37 45 21 14 30 31 21 17 34 30 24 49 44 17 22 18 9 23 29 39 3 13 36 45 23 47 20 33 27 12 3 18 32 13 4 33 16 33 35 8 36 18 40 14 19 50 8 26 28 25 42 50 1 36 22 5 22 31 45 24 3 43 44 21 24 19 27 
4 15 33 5 32 9 26 43 47 19 44 32 15 42 22 16 32 37 20 18 2 21 46 43 42 30 38 4 45 17 32 41 47 37 27 5 2 43 22 45 18 20 13 39 21 36 37 42 47 1 34 34 46 11 25 22 28 9 39 24 46 11 33 10 10 38 13 9 1 16 35 15 6 35 10 35 27 49 22 39 25 26 19 45 40 9 25 39 2 35 48 27 42 10 24 17 14 18 14 10 
15 4 6 48 25 7 35 3 26 9 45 12 37 26 1 6 12 7 28 30 10 35 15 14 27 38 32 43 10 16 26 32 3 5 4 4 21 19 29 17 35 46 39 40 50 8 15 28 47 48 10 23 5 2 33 45 6 13 50 18 17 27 35 30 24 26 50 9 46 15 50 23 42 42 11 14 13 21 4 2 37 33 18 7 44 1 34 38 28 4 22 33 29 16 8 7 10 27 48 13 
11 38 49 43 10 18 15 21 43 48 37 3 15 28 20 31 33 21 40 18 25 32 21 21 26 20 45 45 1 14 46 11 40 7 1 16 48 48 5 27 17 17 21 10 29 29 38 23 39 31 39 19 41 17 24 47 45 37 16 50 48 37 48 24 37 21 13 10 2 2 30 17 43 38 24 9 24 6 42 36 9 7 35 2 24 11 1 48 15 22 1 42 38 22 8 9 17 18 33 16 
23 34 16 50 32 31 14 27 33 50 17 29 24 18 7 45 46 11 41 19 20 27 15 7 6 9 4 17 17 17 6 12 34 13 14 2 41 17 32 13 7 36 46 35 9 2 38 25 26 37 1 11 44 9 30 43 36 10 39 7 48 32 11 32 25 43 32 39 37 11 14 50 21 30 29 50 3 6 14 39 14 7 22 43 30 48 42 33 47 22 32 5 27 41 30 27 34 36 50 48 
13 11 4 35 36 18 26 37 24 17 5 25 50 49 41 41 45 50 25 40 19 48 23 32 4 1 8 4 8 16 20 2 1 20 36 33 30 3 15 21 11 14 34 13 13 38 29 48 32 45 48 27 47 29 12 10 10 24 8 28 25 40 7 46 45 21 48 50 31 29 7 4 47 30 40 34 47 43 36 34 29 33 28 43 50 29 22 47 9 50 4 27 38 36 24 48 22 39 4 29 
11 50 10 2 36 25 26 18 24 47 15 34 25 24 39 6 12 40 37 6 39 50 10 15 10 12 39 39 22 34 11 29 26 46 20 26 38 11 2 48 32 34 49 48 19 33 33 26 12 40 19 21 40 40 23 49 38 43 11 47 29 50 9 9 24 16 24 33 13 4 3 39 25 18 19 49 7 42 47 5 3 42 17 49 49 14 20 19 43 11 36 42 21 26 42 5 37 15 34 41 
50 27 18 39 20 35 23 32 24 44 16 9 22 23 39 29 50 3 9 36 34 18 24 31 18 40 18 18 40 42 35 2 12 4 46 34 27 43 3 40 46 40 36 24 30 31 35 13 18 31 12 41 37 35 21 48 41 23 8 22 18 50 15 18 44 48 6 24 3 11 45 8 28 33 7 45 38 24 12 49 42 46 20 9 16 25 45 19 38 25 34 28 23 8 15 21 5 23 42 32 
24 37 23 9 29 31 25 30 13 44 45 36 3 49 46 12 32 4 10 39 49 13 1 44 47 50 50 23 34 42 8 36 35 21 48 8 44 45 35 14 29 31 19 1 47 5 19 14 7 13 31 16 32 9 10 15 27 33 7 29 12 22 4 26 26 49 47 42 26 39 43 2 29 21 15 30 6 43 43 20 13 13 22 36 20 49 35 41 47 17 7 30 31 45 6 26 15 1 11 21 
11 34 29 42 7 44 20 43 38 30 17 50 19 47 36 30 20 19 21 16 15 41 22 35 10 41 26 12 27 39 2 49 50 37 6 12 40 13 39 9 45 1 42 46 40 32 14 5 14 36 10 19 13 36 40 9 21 41 49 48 16 50 29 1 23 1 29 20 9 15 10 49 48 50 10 35 37 11 34 23 6 9 8 46 16 34 11 16 43 19 12 34 13 39 8 17 42 40 10 19 
5 19 17 14 27 9 26 38 25 29 24 3 49 45 41 20 37 49 46 39 40 43 29 4 6 30 3 2 21 8 3 6 35 45 6 7 3 28 38 49 3 19 30 14 44 11 25 50 46 14 30 32 48 31 12 35 32 31 7 9 22 25 24 18 50 13 40 27 50 35 24 37 36 8 15 25 3 6 5 14 23 15 8 30 38 36 1 29 28 17 17 50 3 11 45 45 36 11 15 39 
2 4 28 44 24 47 9 14 8 36 22 8 46 12 40 40 42 46 42 3 27 6 11 24 41 43 24 5 44 43 2 41 49 9 20 30 18 39 1 41 15 32 33 43 32 37 30 41 12 22 1 2 49 5 17 37 5 35 4 29 48 8 37 26 24 40 11 41 22 38 9 48 42 49 24 28 3 1 30 2 43 35 11 25 12 48 29 48 34 27 15 7 28 45 2 36 21 46 39 41 
46 20 14 1 12 46 47 10 45 25 28 8 11 28 18 26 17 17 26 42 22 38 47 43 38 21 50 27 35 36 7 16 39 5 14 7 2 41 39 17 11 42 45 9 7 3 30 47 6 2 6 16 14 6 24 42 37 20 24 43 49 47 48 12 7 40 11 5 48 19 8 37 41 49 22 28 22 37 10 15 36 36 43 31 40 16 10 33 45 20 34 46 33 10 47 12 18 14 37 3 
49 35 45 33 46 15 24 28 6 45 37 2 46 5 33 15 21 15 37 23 17 38 40 31 28 18 35 34 45 4 42 32 4 37 29 43 2 4 23 49 8 49 40 16 41 18 7 47 31 42 44 10 44 28 38 17 24 29 20 13 47 22 25 18 18 12 19 4 27 34 5 36 7 45 47 46 6 47 25 42 13 32 46 44 3 11 21 31 50 13 5 3 15 31 32 41 21 5 39 44 
32 37 6 35 10 20 43 34 13 23 24 20 41 43 39 46 43 40 22 19 12 40 15 23 32 45 14 39 21 50 6 6 45 44 47 47 20 37 43 22 14 47 16 27 21 22 30 24 44 32 36 33 22 23 19 9 8 4 27 32 45 10 27 14 8 10 41 12 1 1 6 29 28 50 46 33 27 11 42 11 10 26 6 9 47 24 29 35 31 21 14 17 26 5 25 38 39 47 3 23 
48 10 33 29 48 5 6 39 37 11 49 2 28 17 32 7 7 15 50 26 24 46 27 7 28 29 50 25 39 26 1 28 19 10 22 38 40 10 36 8 3 8 10 34 1 19 13 40 21 31 17 22 19 6 37 41 2 28 45 42 33 15 41 43 42 37 28 14 12 29 44 24 4 36 3 3 33 18 5 14 14 40 14 10 2 30 21 12 34 18 21 37 9 43 37 35 28 18 19 22 
17 46 11 41 48 16 13 29 24 42 27 27 42 47 29 7 21 17 18 50 12 16 10 43 12 22 32 7 28 40 21 43 40 29 2 5 10 32 9 14 24 39 44 46 3 23 46 28 46 36 11 17 24 38 29 24 20 27 30 33 6 33 38 15 22 44 29 36 28 39 11 20 46 38 7 8 5 29 11 10 38 4 14 1 41 22 32 38 7 41 46 30 29 34 11 42 39 28 50 22 
44 38 17 50 6 16 50 9 45 28 23 9 35 2 28 7 46 40 40 41 24 34 25 21 49 34 9 12 26 47 15 21 34 23 27 23 32 1 43 27 15 38 17 41 33 37 27 27 9 25 28 19 45 1 45 21 40 12 6 25 18 23 3 17 12 45 34 15 28 8 25 44 34 37 6 14 24 45 3 19 5 30 34 46 36 41 47 9 24 37 18 42 40 39 27 27 6 32 27 50 
45 6 11 8 33 26 11 43 43 20 23 20 24 26 11 27 36 32 35 22 2 15 17 11 7 9 40 29 28 33 27 19 22 41 42 41 7 22 38 20 27 16 21 25 18 28 37 9 48 21 2 9 28 10 2 27 3 40 49 6 50 43 7 29 16 39 42 33 28 34 20 48 20 4 26 38 43 44 36 50 45 35 7 9 14 33 22 16 49 28 33 10 3 8 50 13 13 9 48 22 
11 2 31 47 49 19 30 1 42 31 49 45 15 28 5 32 50 34 46 42 1 19 11 49 10 41 1 33 13 45 19 24 2 26 10 13 11 44 29 20 43 42 22 22 26 6 28 20 23 10 19 34 9 23 35 26 20 9 49 43 10 36 24 41 31 10 25 9 29 20 30 16 38 30 46 3 33 8 33 34 49 24 33 33 41 22 28 4 38 22 36 18 2 5 41 16 37 39 13 14 
43 35 12 1 29 44 14 3 33 5 43 31 3 13 20 14 8 44 50 34 39 45 36 34 49 31 23 47 2 41 25 34 4 14 4 50 39 50 32 18 34 25 13 46 22 47 47 19 48 13 29 24 50 44 3 19 31 23 48 32 9 13 4 50 26 12 28 41 37 32 8 26 13 25 7 46 25 11 28 32 49 36 11 31 17 19 11 14 38 19 48 16 35 46 41 24 48 1 18 16 
35 33 24 19 1 33 31 34 25 4 39 4 14 30 34 49 17 1 4 37 46 35 24 26 48 34 17 42 39 15 7 23 48 49 26 18 42 15 45 20 29 8 10 5 2 27 19 35 26 47 18 11 17 36 44 31 17 16 29 2 20 46 9 27 27 15 37 4 9 43 37 30 48 12 33 36 50 30 23 33 44 37 41 50 28 31 35 30 6 49 12 39 25 42 40 24 32 8 13 6 
37 40 2 1 40 26 46 38 27 13 21 47 21 35 22 45 4 1 17 32 33 37 26 14 33 35 50 48 48 1 6 26 35 45 7 28 11 18 38 13 14 34 1 36 46 4 2 10 16 50 18 35 32 18 42 5 50 41 8 7 38 19 48 2 24 3 33 20 18 27 31 39 31 16 17 17 14 12 3 30 30 3 26 33 39 38 40 25 45 3 9 29 20 30 50 45 19 46 33 37 
37 17 41 5 45 39 31 50 34 34 38 38 19 19 34 43 40 36 4 11 31 11 42 37 10 31 32 43 42 45 21 36 45 12 16 5 46 18 29 37 16 7 46 2 22 37 25 27 45 21 46 25 13 5 31 6 9 29 21 21 34 6 34 28 10 47 16 32 11 44 44 24 49 18 29 29 34 36 11 19 34 19 12 42 37 41 19 6 34 11 17 16 20 36 11 26 31 5 34 32 
4 32 13 9 22 23 50 1 45 5 42 27 24 33 7 34 26 3 12 12 4 21 33 40 26 17 48 32 49 18 40 49 7 45 46 9 15 4 16 34 30 43 26 18 1 45 36 14 21 2 7 50 23 42 9 33 20 16 14 26 8 6 7 26 50 4 31 31 28 29 32 25 4 22 47 6 39 2 21 34 36 27 6 30 20 5 15 31 9 14 9 38 1 10 29 15 2 21 43 10 
14 14 11 24 41 12 25 24 47 32 42 21 29 35 42 26 2 7 45 21 42 24 11 24 35 9 36 50 16 19 32 28 32 19 31 7 21 24 38 44 18 35 29 34 20 50 28 24 3 15 41 8 32 36 26 21 17 31 26 28 43 29 38 40 14 38 9 39 41 47 6 37 14 26 16 27 29 1 31 30 7 14 13 37 22 16 23 14 35 13 31 35 17 20 37 27 2 25 42 7 
16 11 38 28 36 23 34 9 4 5 2 9 35 31 17 8 42 13 10 40 12 40 1 29 2 47 31 23 26 40 9 24 40 30 5 29 13 15 34 48 23 3 4 18 30 39 26 23 44 49 20 22 13 5 20 12 48 7 10 9 33 29 48 46 40 30 4 33 9 11 49 50 42 5 47 46 43 45 4 14 2 15 46 7 38 44 20 1 41 10 47 15 36 22 19 39 38 32 10 30 
28 6 40 17 48 24 48 33 16 35 13 6 33 8 48 10 13 17 40 12 9 30 48 24 15 18 18 12 38 12 4 33 1 10 7 12 26 12 22 23 28 23 50 26 40 47 19 11 41 21 24 46 11 16 18 46 3 38 17 20 1 2 2 21 12 42 24 12 35 49 37 43 17 50 16 32 41 50 45 17 36 22 43 32 10 32 39 21 3 6 36 20 13 1 35 45 23 15 19 36 
35 26 41 1 37 46 30 44 6 25 44 49 39 41 35 49 11 13 27 45 6 44 11 15 15 25 39 41 41 20 24 35 17 42 44 1 28 21 12 7 38 44 12 45 31 25 32 44 2 5 26 41 34 8 35 43 15 11 15 9 12 29 4 35 45 47 45 17 39 37 5 47 32 19 35 44 36 24 44 27 33 4 36 48 13 47 21 30 35 31 38 4 50 7 25 48 29 24 29 40 
2 12 8 16 20 34 37 50 25 19 24 16 25 5 37 22 14 1 34 9 40 42 28 29 39 30 22 43 26 48 2 13 23 29 21 12 29 34 9 21 5 31 48 41 45 18 13 10 28 23 47 30 5 18 3 6 1 11 28 25 49 17 34 20 7 16 17 27 5 27 14 43 7 40 14 6 46 25 28 32 38 39 31 9 47 22 30 18 29 5 14 17 37 7 3 1 39 40 28 33 
32 41 35 14 17 45 31 30 9 36 3 30 25 33 39 34 8 21 8 22 45 29 18 50 47 13 36 46 20 49 23 14 46 23 23 47 33 42 30 20 26 2 49 24 15 17 39 26 15 4 9 39 2 20 42 7 16 22 37 40 36 43 5 28 39 50 13 10 47 6 2 6 34 2 23 1 34 1 35 21 15 27 19 42 8 13 28 38 10 22 17 48 20 14 3 50 45 31 18 1 
40 3 34 36 14 7 14 40 14 35 18 49 38 3 41 14 36 45 28 5 16 10 20 32 50 39 48 37 1 47 35 36 31 5 38 39 33 17 45 5 26 47 11 42 42 24 13 47 17 7 42 15 12 43 24 3 41 2 38 41 45 48 26 2 29 40 6 37 11 38 5 38 44 12 23 19 9 34 23 47 36 7 20 7 42 2 22 16 1 37 50 31 16 44 36 31 24 35 8 48 
34 18 2 48 41 50 40 47 1 41 6 50 38 28 7 42 26 46 15 9 24 26 42 13 32 38 34 46 33 48 22 37 22 26 7 1 3 27 20 32 47 40 31 26 40 2 30 8 40 5 23 30 10 5 39 37 29 17 22 8 23 46 10 28 32 20 5 6 10 42 34 4 34 28 22 10 47 1 27 4 9 34 5 28 28 23 1 38 30 19 14 34 17 15 34 2 10 43 6 3 
32 20 22 48 35 29 17 41 36 16 16 4 11 5 44 28 22 43 9 30 34 19 6 49 40 25 26 26 23 13 37 16 14 2 22 4 33 6 44 40 24 21 15 12 26 12 45 14 42 45 14 7 5 47 42 14 41 25 30 22 14 30 34 10 13 42 9 5 39 42 13 48 2 27 16 5 10 49 49 33 13 19 47 16 27 40 41 50 10 10 11 6 49 43 46 7 32 28 8 21 
36 27 30 46 30 47 32 3 39 14 48 13 48 18 48 6 15 38 29 32 19 35 1 15 13 43 34 1 27 29 33 23 15 31 24 16 47 15 16 45 47 8 3 13 25 22 28 16 21 26 18 1 15 25 14 19 31 26 12 24 14 39 43 27 40 46 31 9 33 40 26 46 23 8 36 34 6 29 19 20 17 10 2 27 33 25 9 21 37 48 48 33 36 19 5 25 44 31 5 30 
30 20 8 42 9 33 19 35 36 3 2 50 20 44 38 12 47 47 38 5 44 32 37 50 18 35 38 35 10 33 44 4 32 19 32 42 2 45 30 9 22 15 8 1 45 47 39 45 49 2 7 9 13 19 28 30 15 20 16 14 24 30 12 12 49 8 19 22 29 44 18 13 3 24 20 16 24 36 17 13 39 15 3 37 40 36 24 35 8 50 33 31 27 14 32 2 30 13 25 3 
45 49 4 37 38 45 16 5 30 43 32 11 35 9 39 36 29 40 7 33 21 15 5 30 27 18 40 8 22 20 15 44 2 10 20 36 3 33 27 8 11 45 26 25 31 38 27 23 30 18 31 10 40 35 16 21 25 47 41 34 31 16 21 23 16 50 17 50 11 1 43 20 11 40 8 40 11 16 7 49 14 7 33 24 10 4 40 2 23 2 9 2 26 32 15 40 19 31 6 6 
20 33 2 45 3 29 16 18 4 6 47 20 2 28 25 50 34 31 41 20 20 20 44 19 38 41 19 48 34 48 47 9 28 21 35 4 38 45 41 14 2 40 49 7 28 21 44 15 1 39 11 26 5 15 47 7 41 31 29 23 42 25 13 47 22 39 26 31 19 38 29 19 9 19 17 50 29 23 48 41 19 12 39 42 6 28 22 27 37 18 42 5 4 5 28 42 10 46 5 11 
14 36 7 13 13 40 30 41 27 27 2 21 32 34 20 2 20 50 32 39 42 13 10 4 9 5 25 21 16 20 19 24 4 34 18 4 6 20 34 26 1 22 9 28 20 5 50 42 36 15 50 37 40 10 16 9 46 8 19 27 23 10 44 10 38 36 8 7 24 14 40 22 10 20 4 15 46 37 32 32 21 43 12 18 4 43 19 36 45 16 1 23 49 19 49 50 43 17 35 47 
37 8 31 14 7 25 47 46 10 38 47 14 2 24 49 20 24 46 17 40 5 3 25 4 11 29 22 4 1 42 21 28 41 28 35 37 42 24 6 25 43 43 40 9 7 39 47 30 14 34 6 44 27 48 28 42 50 13 6 43 21 4 39 27 42 50 49 41 13 5 10 28 18 32 8 4 47 21 15 43 47 12 7 6 7 34 2 38 38 18 40 35 44 48 7 49 31 36 12 39 
42 36 36 32 34 16 23 1 15 39 30 24 47 41 15 39 38 25 21 29 48 20 32 41 28 34 27 26 17 30 21 9 2 10 14 22 24 40 18 8 41 1 23 27 35 35 15 39 16 10 46 33 32 16 28 46 40 38 48 26 26 37 4 40 11 39 5 18 19 28 7 16 30 3 18 21 41 26 48 34 32 20 2 43 14 20 37 8 4 4 34 26 30 16 11 21 11 14 43 21 
14 45 25 16 32 41 29 33 48 13 21 41 40 26 9 46 32 16 27 22 17 7 43 6 34 39 1 4 17 27 5 12 21 38 37 42 4 34 26 7 25 37 3 36 37 36 13 28 2 42 7 29 17 37 4 37 20 7 22 5 38 39 47 23 28 2 36 14 20 42 29 4 45 20 4 45 44 24 14 46 26 28 10 29 5 31 20 8 15 45 36 26 22 1 30 28 23 13 23 46 
49 21 27 34 32 17 43 2 20 47 26 41 4 35 9 29 30 35 30 25 24 13 21 44 7 30 11 50 2 25 48 47 13 19 47 49 9 9 39 12 14 16 48 31 30 29 46 49 23 37 46 40 50 43 5 32 35 24 24 17 24 12 8 20 23 9 23 38 15 45 19 7 6 42 23 7 30 41 23 11 15 30 9 34 41 21 44 19 20 15 6 14 48 20 9 4 27 31 12 35 
27 33 10 32 49 48 48 50 8 34 36 18 23 18 38 33 18 3 33 47 13 12 32 21 3 40 8 49 12 37 2 4 47 37 16 41 31 46 48 26 2 18 29 16 43 43 24 34 44 3 33 14 20 48 49 10 18 47 49 24 11 47 15 47 21 36 4 13 35 14 38 40 7 4 32 1 12 15 16 18 21 20 34 19 11 13 17 43 26 7 19 44 28 23 36 27 37 47 44 39 
7 21 5 23 20 40 8 23 23 3 31 11 43 25 5 27 10 30 5 49 25 12 26 42 16 5 37 42 37 18 26 12 32 37 27 50 29 11 38 16 17 40 41 24 20 50 14 36 8 10 36 44 32 5 31 48 6 21 2 28 37 49 42 1 48 43 28 18 32 4 46 41 12 10 22 35 21 9 25 10 12 16 5 16 41 17 13 50 38 29 5 36 27 24 1 43 23 12 11 22 
21 38 15 11 1 19 33 38 38 38 16 20 50 29 20 37 45 27 44 14 9 10 19 13 22 23 1 17 46 13 30 48 27 22 22 36 19 45 33 10 33 24 17 36 44 7 43 16 32 5 1 48 13 28 41 3 15 6 48 46 35 50 45 50 33 39 42 39 21 20 33 38 42 28 14 4 15 35 50 10 26 8 28 27 37 33 5 47 6 21 19 16 23 18 11 41 29 28 28 25 
1 19 49 29 18 9 10 50 43 3 17 20 24 10 29 12 4 40 1 4 39 28 25 10 31 32 13 38 45 10 2 45 21 26 32 16 15 50 35 41 45 1 47 34 49 8 27 15 41 46 39 15 2 43 9 38 18 49 32 19 16 31 5 18 2 19 24 21 6 17 15 22 26 40 33 15 24 10 41 49 4 47 23 7 20 50 45 50 37 31 9 22 7 24 8 8 11 43 14 30 
6 36 45 50 19 27 3 34 34 16 4 39 6 38 45 5 22 31 4 10 2 40 47 23 11 5 18 48 46 17 27 31 12 42 46 8 37 6 32 34 37 5 22 30 33 40 1 13 20 41 29 22 11 41 50 6 47 19 17 28 38 14 30 18 2 45 34 47 13 32 41 29 29 37 4 20 8 33 6 8 11 4 19 2 22 31 6 47 44 37 29 35 23 39 27 18 26 23 39 13 
36 49 14 18 39 16 21 6 34 48 31 17 2 26 28 10 25 16 3 40 50 16 4 21 33 14 17 49 39 23 21 19 8 3 15 19 13 7 3 26 18 28 37 21 35 46 35 17 5 31 49 39 22 2 43 30 36 36 10 24 46 41 20 13 31 37 18 38 11 34 19 4 42 35 34 1 44 43 29 9 34 13 30 2 33 38 36 44 12 5 32 31 38 42 26 27 40 20 40 27 
44 48 1 16 29 5 46 50 3 14 8 50 8 6 27 32 17 42 14 29 13 30 35 25 49 4 21 33 3 20 43 41 16 3 28 43 23 50 11 9 37 5 29 21 12 15 48 23 30 38 23 46 38 20 16 32 35 21 1 41 38 16 49 2 22 27 47 1 43 31 46 42 23 36 12 43 7 15 39 40 25 38 26 12 31 14 30 5 49 20 29 29 29 8 7 30 42 32 35 50 
37 7 28 9 50 25 10 15 22 49 13 2 25 48 43 5 44 23 18 21 37 15 42 9 2 4 7 30 2 20 21 20 26 37 14 26 46 2 18 18 37 38 13 40 19 6 18 49 38 30 29 31 27 1 47 3 12 21 31 6 49 26 5 18 4 46 49 36 13 44 42 4 2 10 30 28 16 2 20 12 37 35 19 36 32 10 43 35 23 47 15 30 8 28 16 27 48 29 50 22 
17 1 14 21 29 8 21 13 3 19 12 5 11 50 22 16 1 30 16 16 47 21 26 42 45 39 43 9 31 31 10 44 28 34 30 44 30 2 11 40 48 20 32 42 20 25 15 36 31 4 19 22 46 35 46 19 27 19 16 39 41 48 15 29 2 34 43 33 27 36 35 43 27 41 16 4 45 8 12 12 48 15 17 26 39 24 3 25 30 25 11 43 38 33 7 49 30 27 1 33 
23 40 22 50 47 16 46 5 6 5 6 1 22 30 39 26 18 28 13 38 38 30 29 5 35 16 43 32 21 31 23 35 17 43 38 46 10 49 6 19 4 4 23 16 41 35 8 19 34 31 28 41 48 15 40 13 46 19 39 29 38 37 25 6 45 14 13 11 19 48 20 17 35 13 21 15 5 5 5 7 19 27 2 46 40 3 13 44 21 42 23 7 41 32 44 11 11 34 31 45 
34 7 29 8 11 50 4 50 36 18 6 32 17 50 38 6 6 22 37 7 26 5 7 32 22 18 49 44 47 16 35 22 11 10 8 4 21 36 3 7 11 8 49 43 14 44 3 48 13 30 50 18 1 23 9 43 14 28 45 40 38 5 46 42 7 4 5 4 5 32 48 37 32 5 7 20 7 5 8 40 5 23 8 35 8 49 35 32 48 3 31 49 3 36 7 3 6 45 13 16 
48 12 19 5 8 43 2 2 12 30 17 8 19 29 44 13 29 24 23 50 25 38 28 8 22 46 39 8 41 41 5 42 48 25 20 26 9 3 17 43 41 23 37 3 20 39 20 22 27 30 43 1 42 9 34 24 3 28 21 18 3 12 39 19 47 19 29 28 3 40 15 31 4 27 2 21 8 31 36 12 44 37 9 36 21 11 23 6 16 11 3 34 42 14 1 2 4 38 20 37 
24 29 28 1 19 32 6 47 21 41 18 10 45 24 42 40 7 14 48 12 40 48 44 27 25 22 14 12 36 1 1 29 50 50 31 30 2 23 17 35 32 39 50 39 29 22 25 7 21 10 3 11 25 31 38 20 48 6 27 4 12 39 29 18 47 18 11 26 6 8 18 50 25 2 47 13 1 32 36 9 13 22 29 18 46 46 21 36 8 28 38 15 22 30 28 27 29 16 40 12 
20 33 44 50 26 6 49 33 3 1 20 35 39 4 16 23 11 14 19 45 8 48 40 5 1 9 23 48 24 5 12 46 36 32 31 16 36 4 40 38 9 43 32 7 6 37 24 10 31 34 38 21 1 2 47 21 13 9 14 15 18 29 46 7 21 8 42 20 44 25 18 46 12 26 45 30 6 22 48 16 23 3 49 47 17 32 15 38 12 41 6 50 33 37 20 38 43 25 43 30 
36 25 49 13 34 30 37 47 15 50 35 16 5 5 35 29 24 5 11 4 20 25 8 37 41 32 21 5 46 50 50 14 34 32 38 44 26 29 23 19 22 16 24 40 2 14 14 21 37 25 39 11 20 47 15 48 11 9 31 9 1 27 19 46 34 14 39 12 1 39 15 19 39 10 6 34 29 38 24 45 15 38 38 12 15 6 34 42 27 19 22 35 12 2 9 6 31 8 44 27 
38 2 21 30 12 33 1 30 33 24 23 36 4 40 10 42 20 27 43 8 35 34 37 3 47 7 42 45 44 32 25 43 14 18 37 1 10 1 37 24 30 28 26 30 47 17 45 47 46 45 30 12 23 4 4 44 33 9 23 43 6 32 4 15 36 22 35 26 23 43 6 50 48 35 23 14 26 13 38 46 43 42 42 46 37 41 20 9 16 26 20 38 43 29 16 17 10 28 38 34 
50 35 36 9 47 45 16 30 18 39 17 18 46 32 38 27 44 33 48 33 10 10 19 15 39 34 16 10 43 16 35 49 7 37 28 46 28 20 40 12 45 37 24 46 35 9 17 7 10 28 7 27 29 41 26 50 47 41 34 15 50 17 23 9 35 15 42 20 32 21 41 15 14 20 8 4 42 25 19 21 43 24 13 47 48 42 41 17 41 18 7 18 45 48 21 17 20 31 37 43 
11 32 16 8 38 23 33 23 12 29 20 32 35 23 11 17 33 44 8 36 10 26 3 32 23 6 20 19 26 2 38 24 45 28 33 23 18 17 16 5 28 21 11 4 23 34 49 9 2 20 16 37 20 4 13 35 27 10 46 5 36 10 1 7 44 25 1 20 30 20 20 25 23 44 10 17 41 42 25 40 4 47 9 23 31 2 18 10 19 24 9 1 16 24 21 40 50 19 29 4 
40 23 32 1 8 37 10 12 29 11 39 41 38 3 9 8 36 2 9 43 6 49 33 24 31 47 31 45 18 34 46 7 7 50 9 19 20 45 11 41 40 47 26 23 6 13 2 8 14 33 47 1 14 3 48 5 45 38 31 48 41 6 14 49 20 7 22 17 33 18 7 20 27 48 41 36 43 30 18 36 42 20 40 5 41 19 49 40 7 2 29 43 43 2 16 41 27 34 11 18 
46 18 27 40 50 28 24 43 24 44 36 20 29 45 21 45 4 7 29 19 32 25 44 17 6 46 46 9 22 16 19 37 46 9 10 41 32 9 43 16 48 22 48 3 21 22 27 6 48 28 37 3 22 19 7 41 48 29 40 14 13 24 4 26 6 31 48 24 28 20 14 7 49 2 1 25 35 33 29 31 17 11 2 4 18 47 32 14 8 16 13 44 14 31 37 28 1 6 24 47 
26 42 13 39 1 16 32 33 42 14 43 23 35 36 4 1 29 24 33 29 37 43 48 41 31 50 22 33 40 6 19 25 38 41 17 5 50 38 24 36 23 36 9 25 30 3 46 29 39 31 27 22 34 44 20 9 27 37 28 27 2 35 12 48 42 28 11 18 13 10 29 6 45 27 31 29 44 41 49 10 34 33 32 33 9 48 25 25 40 36 5 19 31 7 15 43 36 45 28 47 
38 35 21 25 13 50 7 38 13 32 13 50 23 38 17 38 11 29 39 49 4 14 20 18 45 24 9 19 1 35 45 10 5 30 23 37 2 9 24 15 23 21 22 12 35 37 15 35 40 25 40 4 12 34 44 18 18 2 25 3 6 17 42 32 48 4 45 8 29 50 13 11 37 40 14 15 35 50 1 13 34 12 9 20 8 21 21 50 47 33 46 44 19 40 38 49 22 11 24 34 
6 33 23 22 14 5 32 2 13 33 49 29 46 39 37 24 48 2 29 4 39 13 50 49 49 50 11 31 45 25 50 45 45 9 30 48 6 38 25 41 6 41 30 39 33 13 15 50 29 11 39 35 39 19 10 43 7 11 34 32 16 38 13 48 34 18 16 40 6 19 9 35 28 13 6 3 45 7 45 42 18 12 2 18 10 37 23 21 33 40 42 29 34 22 33 13 23 42 35 36 
7 13 31 21 28 43 4 44 21 22 16 33 8 11 20 35 44 36 13 17 32 6 19 26 7 15 31 44 23 45 40 19 4 32 39 47 45 6 1 34 17 15 11 12 31 21 29 5 40 43 19 29 45 21 15 39 24 42 25 11 32 7 23 31 12 35 34 16 40 11 6 33 2 44 46 46 22 30 13 37 49 11 14 45 24 17 16 2 16 35 18 18 28 31 35 14 23 34 41 33 
37 7 17 3 47 16 25 50 47 11 13 29 32 6 9 30 6 27 32 47 34 16 3 50 20 16 23 41 24 8 19 7 10 30 27 7 17 13 35 8 4 28 12 27 13 8 45 3 37 21 38 13 12 10 23 38 27 13 13 50 17 14 29 12 44 22 7 2 47 44 50 41 38 6 15 49 30 43 14 33 5 26 42 49 4 5 11 37 21 44 10 45 26 19 16 6 35 38 13 47 
2 43 21 47 6 18 4 39 47 13 7 28 23 23 16 14 46 25 22 22 10 42 41 45 46 31 50 21 47 10 9 27 23 18 10 6 50 18 30 28 33 46 4 45 37 34 48 50 8 8 36 1 26 40 18 14 50 40 33 2 20 37 11 29 35 34 28 39 7 11 10 48 22 14 43 19 18 43 47 46 28 18 14 25 16 5 14 15 15 14 40 42 5 42 11 8 23 16 17 42 
4 31 32 40 16 25 44 39 5 22 18 30 36 12 19 2 19 5 9 33 40 38 2 43 14 3 24 29 28 2 50 42 16 39 28 41 19 23 36 41 22 28 35 26 27 11 1 28 1 45 11 30 39 2 11 24 37 26 36 48 48 42 38 25 35 41 9 3 10 49 32 6 37 24 26 26 44 14 33 29 46 3 30 40 43 36 7 13 50 7 7 43 39 50 42 14 2 31 42 46 
22 2 38 32 27 23 17 46 1 23 20 9 2 9 38 2 41 27 41 17 39 45 34 47 41 8 12 33 26 45 22 10 26 26 24 30 11 11 24 23 4 10 42 31 14 44 39 27 8 7 2 3 11 30 46 7 47 29 2 27 41 28 22 5 6 40 43 2 25 32 8 6 8 49 39 15 9 48 2 14 18 41 43 2 19 38 39 9 26 46 5 32 36 26 22 18 29 45 44 44 
28 19 49 8 48 25 26 4 49 25 2 10 10 28 12 9 43 10 4 49 4 41 30 47 5 25 40 16 38 19 38 41 17 23 21 35 40 41 7 26 10 42 33 3 50 29 5 31 33 28 9 13 32 11 49 29 46 45 35 1 4 42 50 1 21 19 15 18 39 47 45 23 33 7 43 9 49 10 25 21 11 38 3 30 8 33 23 12 45 21 36 34 12 29 29 10 45 22 16 34 
4 49 15 5 24 1 8 43 11 33 20 34 48 2 18 16 33 21 29 36 3 48 14 41 11 14 29 40 44 46 24 49 41 47 48 20 16 25 31 14 38 2 29 3 39 10 50 17 4 39 12 16 46 1 15 21 11 16 35 5 43 7 28 7 31 21 30 7 3 33 49 7 29 10 9 36 37 17 38 15 44 8 37 17 43 34 6 46 9 44 34 31 33 28 15 14 37 5 24 44 
13 38 44 38 3 23 27 13 21 28 46 14 4 16 24 22 1 43 9 45 32 40 30 35 19 45 36 45 36 1 41 26 7 31 45 4 17 22 47 18 49 44 29 37 17 16 17 13 5 42 6 45 10 30 1 9 47 21 35 41 1 38 26 5 13 4 40 1 10 14 39 30 46 22 15 46 8 41 36 33 24 48 4 33 17 4 15 18 19 29 22 15 7 25 37 35 21 29 37 34 
4 48 37 30 46 25 7 38 11 28 12 33 16 3 42 2 7 11 24 25 2 45 12 50 48 44 41 29 23 29 7 39 44 37 49 8 17 50 44 45 24 8 39 47 18 28 35 26 6 43 17 20 45 23 10 24 33 25 8 40 31 41 23 25 13 39 36 23 35 14 48 3 18 25 1 13 29 45 48 2 30 16 42 41 30 15 7 49 19 35 11 35 22 40 8 7 35 33 6 18 
15 39 16 24 1 15 46 32 13 41 9 31 23 14 21 29 39 3 44 33 44 2 16 46 16 37 42 28 45 17 10 13 2 3 14 40 5 45 8 7 9 18 12 18 29 29 45 40 4 28 3 1 36 27 36 49 16 31 17 46 50 3 20 49 50 35 3 31 24 8 12 13 19 3 6 46 25 45 23 24 18 11 50 14 39 25 14 19 47 18 5 46 8 5 23 31 29 28 3 47 
7 15 42 12 47 11 49 37 26 29 16 40 12 7 26 16 26 11 31 35 9 33 45 44 17 21 25 50 40 45 30 29 20 32 48 9 11 14 2 47 50 12 32 2 31 9 3 40 32 34 27 37 14 8 18 16 3 6 2 9 1 42 11 10 45 7 34 50 14 23 45 31 25 19 9 6 6 43 21 26 25 26 22 9 17 36 18 8 40 2 32 37 6 15 50 8 23 42 7 26 
41 49 38 42 26 42 19 12 41 22 16 9 44 27 42 45 5 33 39 45 40 29 44 1 17 43 15 25 47 47 5 11 26 39 39 40 43 17 23 46 3 50 21 27 32 30 44 16 36 27 18 23 36 45 24 22 46 9 12 39 14 37 18 29 32 15 15 8 26 10 25 21 17 3 37 1 50 11 26 40 36 36 15 26 22 8 12 6 47 47 25 19 39 37 11 46 29 2 44 19 
43 2 26 35 2 47 21 25 4 41 11 46 45 14 43 21 35 20 34 33 27 37 40 11 15 21 39 11 44 34 2 22 50 25 37 1 6 29 29 42 7 11 7 48 47 7 21 28 7 18 11 12 5 10 29 11 21 36 12 7 23 41 12 5 36 43 5 18 9 19 37 39 21 46 26 39 49 37 1 6 9 49 9 18 10 20 50 34 20 25 36 22 44 42 15 50 23 2 26 15 
41 27 37 39 39 25 37 4 18 50 28 16 31 32 34 38 9 42 37 49 26 43 46 30 3 3 4 48 29 17 30 17 50 10 42 4 32 15 7 40 22 41 23 20 21 7 4 37 49 25 13 41 15 15 9 35 11 38 15 39 17 32 28 33 34 15 4 15 39 33 49 8 32 19 27 11 35 28 28 40 29 46 45 26 47 22 48 46 3 49 7 13 37 14 6 13 40 30 13 14 
28 23 26 34 26 2 1 20 6 20 2 29 27 31 6 49 3 43 24 12 28 34 45 36 3 7 27 46 33 3 22 23 2 18 50 15 25 50 12 48 50 7 36 30 29 41 8 8 48 8 6 31 15 34 14 8 43 19 10 49 6 49 13 42 22 26 29 34 44 24 41 25 50 19 4 40 31 16 8 34 6 15 15 29 6 38 43 49 37 26 26 18 35 14 23 32 2 44 22 2 
27 48 2 6 2 42 39 45 14 17 1 43 30 40 29 27 14 15 47 39 27 3 17 25 46 48 38 45 26 8 7 39 17 24 3 3 43 12 22 46 22 1 19 46 15 11 18 43 18 38 39 45 43 34 15 46 17 45 36 10 19 21 49 10 39 4 8 40 14 25 38 24 12 24 10 37 49 39 2 12 44 20 2 48 32 50 41 37 27 10 10 29 26 5 50 50 32 9 41 16 
49 24 25 3 1 40 46 30 49 10 24 46 11 4 39 45 36 46 47 20 36 18 38 18 46 4 13 39 9 49 30 39 35 43 24 25 49 33 43 35 21 19 10 47 29 27 26 20 21 35 1 10 6 9 38 47 41 38 35 21 30 42 38 15 20 24 47 44 22 12 18 47 46 39 17 8 7 17 9 42 20 19 50 3 34 15 32 13 46 20 25 44 7 19 41 35 20 38 32 22 
14 9 19 18 21 4 27 6 37 6 26 42 5 45 20 40 7 38 34 46 43 6 36 28 24 35 26 32 44 21 4 28 20 46 36 35 20 42 38 41 5 22 32 42 20 16 29 9 3 30 46 37 20 34 26 22 21 44 41 17 24 37 37 17 26 41 23 11 40 12 11 27 28 49 39 2 38 26 24 8 15 37 25 16 38 22 12 35 50 15 11 43 36 45 16 49 7 48 16 36 
13 46 19 43 32 41 38 24 39 25 42 32 29 32 25 13 14 37 49 6 39 32 5 5 19 18 4 22 26 29 13 40 11 46 48 39 8 46 27 10 4 49 26 46 41 15 25 29 44 6 35 32 11 1 12 10 33 1 39 13 44 35 23 21 2 21 1 26 50 10 34 37 42 5 1 33 35 15 31 26 10 26 39 38 9 13 45 12 18 41 8 48 6 5 21 6 8 8 13 15 
7 47 44 26 4 49 27 18 43 17 30 44 33 44 27 22 24 21 15 23 8 38 39 27 46 48 7 2 10 44 42 18 44 36 46 6 7 39 22 45 31 31 50 7 4 14 24 8 34 31 14 20 10 38 39 45 19 43 16 45 22 8 3 48 12 3 33 48 15 18 19 23 5 44 17 21 2 21 32 27 47 21 36 30 30 34 30 41 28 5 22 13 33 18 50 12 18 38 31 30 
4 12 17 32 26 27 26 36 25 13 14 15 31 33 7 37 46 40 4 13 23 25 41 16 22 25 50 44 35 29 29 48 16 26 5 20 32 28 29 6 40 33 28 21 3 8 1 16 13 13 46 45 18 39 49 9 19 18 31 18 36 14 27 38 17 7 37 36 12 38 29 44 50 44 7 34 16 42 44 29 44 30 17 13 36 16 15 35 44 27 40 13 37 40 49 1 26 11 27 27 
50 2 24 13 43 34 17 46 28 36 40 28 9 19 23 24 19 12 19 38 7 46 37 32 3 17 37 6 10 19 11 3 1 41 18 18 16 18 6 37 38 10 16 44 14 27 20 45 26 5 47 41 38 36 46 22 18 23 26 27 1 30 30 29 6 11 7 4 35 38 42 35 24 44 5 37 9 50 1 16 2 39 31 36 5 38 7 38 39 1 31 10 30 28 9 7 47 18 28 24 
46 47 37 22 16 35 2 41 45 6 31 3 2 41 16 18 10 18 45 9 4 26 32 50 20 47 38 39 38 44 39 1 27 24 40 11 44 48 34 13 11 43 39 22 16 44 21 11 25 48 20 35 36 7 17 34 5 29 31 41 41 29 33 31 31 35 18 30 33 41 49 30 15 27 2 13 41 40 13 41 24 12 17 14 27 12 49 18 30 31 22 43 42 10 49 17 18 39 9 39 

0 656 744 612 329 377 226 417 650 461 906 565 224 574 714 678 594 701 948 880 940 789 426 502 671 420 664 862 787 306 279 740 191 834 745 394 889 793 962 256 580 966 614 283 452 123 192 233 159 365 695 720 591 685 102 545 755 652 976 162 581 253 326 171 534 861 264 692 463 941 349 601 232 996 804 815 767 702 694 447 749 921 296 624 869 226 846 616 106 489 798 218 907 838 108 769 730 902 520 920 