100
6 30 27 21 44 20 17 6 39 50 7 41 37 20 20 22 18 15 2 49 38 21 41 40 5 47 11 10 4 33 46 6 16 45 42 28 34 14 35 19 43 13 12 12 22 29 32 1 10 46 43 25 30 11 20 45 45 49 41 30 50 12 16 35 39 24 18 17 41 20 11 24 6 50 18 2 43 5 12 32 39 44 39 2 32 39 11 39 46 43 1 48 11 15 11 36 14 50 1 24 
31 16 14 8 50 1 14 44 12 49 37 24 33 40 38 48 38 39 9 38 45 16 38 25 21 5 49 42 2 29 33 27 34 14 41 32 24 43 17 46 3 14 40 25 19 47 7 40 48 14 45 3 14 12 30 16 14 33 27 1 1 49 45 35 16 37 35 1 6 28 3 19 43 47 41 31 39 34 12 4 33 10 8 29 48 32 45 26 26 30 37 30 49 22 38 50 26 2 49 29 
42 49 45 32 14 31 7 42 35 3 32 42 35 19 21 48 41 29 23 35 6 5 35 20 32 26 3 6 47 40 22 19 46 11 43 48 39 20 33 16 43 19 8 12 21 39 12 12 41 35 1 39 38 40 32 49 31 36 44 11 34 32 25 16 3 23 5 41 39 25 47 1 48 7 35 29 24 39 17 30 20 36 13 24 23 27 39 17 8 15 36 43 42 47 43 4 26 37 26 47 
46 49 28 21 30 23 39 19 24 36 33 39 4 47 42 14 41 36 8 40 6 15 21 9 45 3 39 18 35 40 35 45 42 43 2 41 11 21 3 46 8 11 13 15 43 11 48 27 49 13 7 27 14 47 39 34 36 5 24 8 42 25 35 3 36 41 6 4 44 2 34 28 18 9 11 44 5 19 9 22 35 31 1 39 2 49 13 1 43 44 37 13 8 42 37 31 8 15 2 14 
27 29 40 42 11 24 15 21 4 8 28 29 39 10 15 37 2 45 45 48 48 28 32 15 6 28 50 14 16 14 37 11 12 5 28 48 15 1 10 14 5 48 16 38 50 27 42 6 47 19 18 45 10 6 27 30 42 41 27 39 29 17 47 32 5 48 26 2 34 35 40 2 37 6 39 15 6 49 24 2 22 34 31 27 43 39 6 15 3 11 1 10 13 34 30 4 36 7 48 17 
36 13 41 41 45 18 25 26 38 16 46 23 7 4 28 36 19 22 22 30 14 8 38 21 13 40 24 27 9 50 40 7 35 33 21 36 14 37 48 1 3 23 24 33 11 33 22 36 42 33 13 49 39 50 10 15 18 39 45 29 48 12 50 32 11 23 11 34 8 34 29 4 48 40 23 41 50 42 48 17 1 41 12 28 22 20 45 9 4 1 42 27 22 30 5 4 32 41 17 23 
43 45 11 49 9 37 1 25 16 37 8 23 49 17 46 41 27 26 23 48 34 45 33 40 28 29 49 13 11 3 29 25 23 23 40 37 1 48 45 44 7 18 6 30 50 7 11 5 34 36 44 34 49 37 10 38 45 24 50 16 39 2 7 43 1 33 5 24 27 29 26 18 43 34 20 5 19 34 29 11 15 43 23 46 10 32 9 10 22 24 3 30 21 17 47 16 35 29 14 36 
27 20 13 45 9 49 47 4 47 30 44 14 7 38 40 41 27 21 9 46 31 2 17 15 20 17 13 15 7 15 44 26 16 46 43 2 20 7 12 34 44 29 21 22 7 45 17 29 27 21 24 18 12 38 14 42 8 5 1 35 11 33 26 43 42 10 3 11 11 39 3 18 39 37 20 17 40 29 49 33 4 31 5 3 42 14 33 17 34 16 8 50 6 20 15 10 39 44 12 22 
29 42 27 5 22 28 6 43 6 9 5 28 14 12 50 11 46 32 31 48 4 48 19 48 14 45 7 32 7 44 47 6 41 4 35 8 24 13 32 1 32 41 33 1 18 35 26 38 11 32 49 18 30 43 19 37 16 9 37 6 50 40 22 27 14 27 45 23 40 46 16 31 28 4 34 11 27 24 21 20 29 2 44 25 28 7 46 11 34 25 33 47 21 42 31 16 7 30 26 16 
45 13 23 33 50 41 6 5 7 12 38 24 9 12 43 10 50 20 17 39 18 50 12 48 13 7 5 12 16 2 18 32 19 2 2 48 41 6 42 31 49 13 24 28 45 39 21 22 50 22 10 22 32 35 36 8 15 4 4 32 50 1 41 41 43 42 4 22 21 45 25 46 48 4 26 19 49 42 33 21 31 49 25 14 24 42 36 24 31 48 36 46 9 4 7 36 29 3 8 11 
6 23 12 27 31 13 5 17 21 24 20 7 5 21 50 37 44 23 13 19 37 44 29 18 42 48 1 41 35 7 16 46 49 22 17 32 6 42 30 8 49 37 8 1 47 4 15 6 42 6 6 7 43 19 7 34 46 30 37 36 31 17 35 42 22 5 50 26 17 26 38 46 26 50 39 25 8 5 24 10 33 19 32 11 46 36 50 37 13 43 39 4 41 8 1 38 40 15 36 12 
19 30 34 25 4 41 1 13 6 10 26 21 21 44 10 25 13 43 10 33 42 2 17 17 22 41 39 45 36 18 22 23 17 50 33 35 11 38 41 35 47 39 47 15 21 17 3 21 30 43 35 50 20 12 1 35 17 28 46 15 5 18 21 35 39 8 44 21 20 35 50 12 38 37 16 41 2 33 15 33 3 44 33 14 6 35 8 18 4 13 29 49 21 9 40 8 30 7 11 26 
24 40 44 22 41 6 27 46 28 42 35 29 34 28 25 30 7 29 18 20 46 47 10 4 3 13 4 25 10 48 19 26 36 2 35 30 7 20 8 32 24 1 19 45 41 34 4 24 45 41 31 2 5 22 24 3 23 46 21 45 16 8 12 44 16 8 4 11 22 26 12 20 36 37 9 36 10 25 2 4 45 46 11 31 1 38 27 34 46 29 44 30 49 45 33 19 17 29 9 40 
22 22 40 9 10 45 18 8 34 14 42 42 35 26 11 13 6 25 8 13 42 20 1 29 49 36 2 18 23 28 44 2 46 35 39 36 11 1 29 13 50 17 20 21 17 2 38 14 1 19 48 17 16 48 6 35 28 19 3 15 21 23 43 3 21 26 14 36 35 3 8 26 11 45 22 32 47 31 24 33 43 47 50 18 30 43 38 35 8 34 21 43 22 33 11 1 21 33 17 28 
19 27 24 18 15 33 25 16 31 14 1 19 9 27 35 2 3 32 20 15 43 5 9 24 45 21 46 11 30 5 15 46 1 34 21 49 43 32 7 20 40 22 17 32 37 39 31 11 11 38 25 29 16 10 12 20 45 12 41 40 31 9 16 46 8 30 21 40 48 15 32 25 45 40 38 37 37 21 28 29 30 44 36 50 16 16 41 14 23 18 48 15 44 10 41 23 28 20 29 6 
36 47 17 46 49 9 18 1 49 24 34 50 9 14 44 41 26 36 4 13 7 37 18 50 25 5 27 8 29 30 42 46 3 3 26 33 14 9 9 28 43 28 47 3 46 21 3 47 13 34 20 42 37 39 39 33 14 6 45 8 34 23 38 4 48 43 14 17 32 6 6 46 48 39 27 27 39 5 46 6 48 40 17 30 48 22 16 29 32 45 34 4 37 16 13 33 43 26 39 43 
27 32 21 6 15 25 28 9 34 30 29 1 41 38 6 41 31 43 40 46 19 50 22 39 12 27 12 26 18 40 19 13 12 48 31 10 40 31 40 15 46 27 36 11 22 33 4 11 23 30 2 27 21 43 7 20 28 32 13 8 22 33 32 16 27 19 3 49 39 31 48 36 17 45 35 44 29 36 40 48 6 27 14 22 2 15 13 48 44 41 34 14 47 13 36 10 38 37 38 39 
24 10 2 32 30 32 40 31 42 38 45 41 5 41 30 46 20 31 34 33 41 22 31 12 26 33 48 29 32 20 4 16 28 39 43 44 31 32 14 26 47 11 21 36 32 10 50 40 40 45 26 37 47 48 38 4 29 3 20 11 40 13 50 32 5 45 18 32 36 12 33 3 49 32 25 42 34 25 44 12 22 7 23 12 25 15 4 50 46 38 9 24 46 17 43 4 18 34 38 3 
43 16 8 50 9 2 26 49 29 38 9 25 28 39 42 15 34 3 21 29 19 31 47 22 37 28 36 11 10 34 36 3 33 20 2 42 2 17 29 20 7 13 43 22 40 17 7 34 14 32 48 32 9 24 30 14 43 48 2 49 45 6 20 38 7 18 25 9 48 21 19 34 4 29 23 7 45 44 8 26 48 30 37 35 7 46 17 46 38 7 8 8 12 33 18 25 37 40 39 37 
15 27 34 1 32 7 18 2 13 8 35 19 8 38 37 36 47 15 29 23 50 15 43 30 45 10 33 42 32 12 38 46 28 14 38 32 34 46 30 45 33 31 22 33 40 26 13 30 17 4 17 8 16 17 20 6 32 30 36 31 23 13 27 8 6 47 18 18 35 33 39 19 34 49 17 16 6 42 11 37 42 36 35 4 19 16 29 24 15 12 48 26 21 10 16 3 19 18 18 13 
18 48 21 22 5 17 7 33 44 22 41 5 5 39 23 33 37 48 3 29 20 34 42 1 41 34 21 36 47 7 4 46 21 14 13 48 39 44 18 39 16 46 12 47 39 21 9 6 36 38 28 8 19 2 40 16 25 28 19 21 20 33 3 36 4 33 45 36 3 9 27 44 12 19 10 41 24 8 21 9 20 28 32 8 40 20 11 22 20 50 25 36 19 11 36 38 49 22 28 46 
45 10 31 44 19 21 49 19 40 12 23 46 32 26 24 29 30 28 49 2 27 23 16 30 24 9 3 16 15 2 47 14 6 38 35 8 1 22 35 49 9 33 26 25 44 5 25 2 15 31 3 49 42 2 35 18 16 50 20 16 29 13 39 50 17 40 45 26 25 15 27 3 21 28 28 14 39 20 32 33 9 8 40 30 30 20 26 27 9 9 49 3 44 5 35 16 4 26 37 44 
26 16 14 48 38 14 4 21 42 34 44 9 45 40 16 5 24 23 49 17 47 7 24 43 47 45 28 27 5 16 8 20 27 25 36 7 9 7 32 25 36 34 23 13 23 19 34 47 31 20 1 29 19 32 5 11 26 42 27 49 33 6 18 28 28 27 11 50 50 4 41 42 29 7 48 48 26 24 42 39 9 14 16 11 5 5 20 17 26 6 37 17 37 3 9 5 12 3 31 37 
31 2 8 27 40 20 5 42 15 43 42 46 49 31 20 7 30 30 8 49 44 4 18 40 8 2 17 19 41 24 9 15 16 34 2 20 21 41 20 37 22 6 8 11 49 27 50 1 43 41 30 25 21 10 36 12 33 15 41 28 32 49 8 45 40 46 18 39 47 2 27 49 43 18 1 43 48 3 30 12 48 20 12 2 23 30 9 25 35 19 31 50 37 13 34 27 40 44 19 21 
23 39 32 26 10 45 6 32 10 17 36 41 48 4 39 37 2 50 9 19 41 18 1 46 44 12 19 30 49 47 45 44 18 1 3 5 10 45 42 33 2 37 14 24 21 39 43 30 36 19 38 37 47 9 16 21 19 12 24 1 6 3 46 43 17 15 2 49 11 50 41 34 46 41 38 3 42 1 18 6 16 30 20 19 31 18 3 40 37 12 5 29 14 41 45 17 45 19 9 16 
34 38 1 18 4 21 17 37 44 45 30 17 47 40 39 10 39 8 28 19 49 29 2 43 23 20 5 7 25 26 4 2 47 20 39 50 39 25 23 30 27 16 31 23 42 24 42 3 10 5 25 47 18 27 35 35 13 35 23 34 46 17 18 35 34 25 43 10 28 15 45 29 13 42 37 39 14 36 35 44 13 36 45 9 42 50 21 13 12 16 19 50 25 35 30 24 12 4 38 23 
12 35 2 12 34 39 10 6 28 12 26 25 6 16 20 9 49 23 25 8 29 16 25 6 35 34 40 35 27 49 20 15 29 29 16 1 4 38 7 8 18 38 35 40 5 12 30 27 23 28 34 19 45 48 22 21 11 19 37 46 30 27 1 35 41 35 48 38 33 8 26 43 39 12 33 5 28 48 22 41 43 27 47 9 25 33 49 1 30 40 18 33 31 18 14 8 37 2 3 43 
8 14 49 40 26 49 27 16 25 19 12 11 40 21 43 50 20 15 22 3 49 38 43 14 36 22 35 30 40 23 50 30 46 4 35 23 32 12 41 44 1 33 38 41 27 9 2 24 49 14 5 10 13 5 19 31 32 13 42 46 10 2 37 24 4 2 18 16 47 36 40 46 21 11 7 38 43 32 2 16 19 33 18 1 17 12 23 40 13 11 50 38 18 18 12 15 32 15 22 46 
42 13 10 47 34 25 36 18 40 36 20 9 21 38 9 23 20 25 1 41 34 1 2 3 6 2 24 8 43 7 27 25 11 15 20 8 23 39 42 36 46 23 36 41 26 16 29 22 46 45 28 36 6 20 21 10 25 20 34 1 24 37 29 29 2 4 4 28 20 14 46 22 10 50 7 20 48 8 47 32 34 41 8 7 19 25 37 17 10 33 48 4 35 49 35 4 40 40 27 33 
23 7 24 35 17 2 7 21 25 36 21 2 32 38 14 18 18 47 7 35 25 45 24 11 32 1 40 4 20 29 9 28 39 40 30 30 38 41 39 25 34 18 27 45 35 42 21 41 49 8 47 29 44 8 10 31 49 28 35 28 16 31 16 49 29 50 49 13 33 28 24 7 8 30 20 46 17 19 28 4 6 3 32 25 43 48 44 26 49 26 46 29 19 6 20 36 21 30 15 43 
5 43 46 1 30 26 50 43 25 46 45 8 25 25 22 6 30 16 4 22 8 9 14 6 1 39 13 30 40 34 38 47 9 15 33 35 30 36 39 12 27 41 9 32 18 24 6 2 48 5 7 23 40 17 16 34 6 14 28 12 27 47 1 27 29 27 12 19 15 5 12 21 24 14 30 12 17 5 48 7 8 5 48 5 7 14 47 17 42 12 5 35 32 45 26 31 29 27 14 17 
24 25 1 16 19 29 41 18 2 9 18 3 6 31 20 12 30 9 12 13 20 8 9 44 2 41 47 20 3 50 15 7 25 22 44 29 43 16 6 25 36 8 29 50 47 4 41 22 2 7 46 12 25 31 44 49 7 15 43 30 1 22 19 49 6 32 24 35 32 24 3 11 43 13 22 5 26 40 6 27 24 20 23 36 33 8 19 3 22 43 8 18 11 1 17 15 7 24 43 2 
33 17 17 15 12 33 49 10 10 8 31 12 37 50 34 43 28 23 22 31 39 27 25 50 31 17 26 17 34 3 40 25 37 3 13 32 25 5 43 45 4 40 9 26 47 45 13 25 5 7 33 38 46 10 15 4 2 13 47 46 5 16 15 11 18 22 48 14 41 25 28 25 27 13 32 17 7 13 23 40 23 42 39 1 11 14 37 24 41 25 17 48 29 12 9 37 15 37 34 22 
22 42 25 25 17 16 4 48 10 14 42 18 26 4 32 14 40 15 36 49 8 40 47 48 28 16 16 45 42 1 32 43 26 4 9 24 21 7 14 22 32 21 30 16 22 39 49 40 28 19 44 8 32 4 46 11 33 49 6 32 48 35 28 2 5 19 44 18 17 13 36 10 36 4 25 7 20 37 2 2 41 38 23 9 45 19 28 26 32 35 15 35 33 2 3 39 37 29 36 17 
39 29 10 38 26 31 34 31 19 44 23 31 35 32 42 13 41 23 18 2 15 15 43 20 41 5 8 46 10 38 6 20 25 10 19 44 14 1 9 10 1 11 18 1 27 1 32 12 17 44 46 6 20 18 4 48 2 39 45 33 15 20 10 27 16 37 42 1 41 50 34 28 32 19 3 18 8 28 4 32 42 39 48 25 26 30 41 30 27 25 28 3 36 41 40 27 39 46 31 25 
16 5 7 41 21 50 18 30 6 30 10 31 29 8 29 35 30 25 24 26 45 3 23 8 8 9 10 45 25 6 12 20 18 25 8 45 25 2 21 29 25 31 24 42 7 15 42 27 9 10 17 22 22 33 25 1 40 7 49 21 34 44 10 10 20 39 20 47 24 30 1 6 7 50 29 13 11 30 7 41 37 9 1 23 11 34 39 14 25 32 4 11 8 13 31 8 5 37 5 38 
2 11 45 3 46 27 15 46 21 2 7 16 22 16 25 9 2 34 49 11 13 47 22 34 44 45 11 12 15 15 7 15 5 50 27 20 6 19 8 14 47 50 37 25 50 28 49 6 47 44 49 23 38 41 37 11 45 46 45 18 36 12 30 44 38 8 1 22 20 18 22 11 37 45 50 4 25 12 49 30 8 45 41 43 46 48 36 32 30 3 36 10 8 15 14 42 46 19 44 50 
21 11 7 32 50 6 22 35 7 35 29 36 13 6 2 3 14 6 25 8 29 11 7 38 17 8 12 5 12 11 21 1 28 41 16 33 45 49 3 47 31 21 24 17 47 42 10 5 36 45 48 32 46 46 21 27 42 16 26 20 46 20 44 36 45 42 19 26 46 17 14 14 35 2 3 43 8 29 43 2 13 21 24 22 3 1 31 45 2 32 21 49 32 42 45 39 41 4 37 27 
28 31 28 6 6 6 9 48 49 40 2 45 34 48 48 1 23 43 16 24 44 28 5 31 15 8 21 14 15 1 9 15 11 31 8 5 25 16 25 29 46 18 42 38 38 30 27 13 33 19 33 21 34 35 30 46 12 9 24 12 34 4 24 6 43 11 21 46 11 22 40 27 26 41 23 48 46 44 11 38 20 13 5 34 19 17 33 8 33 29 34 42 1 49 47 40 13 28 36 10 
22 7 8 38 43 44 45 11 15 17 5 15 36 27 5 22 48 39 21 6 42 48 32 50 43 18 29 44 35 41 16 16 37 3 44 34 28 25 23 42 39 46 27 31 25 35 32 7 37 20 34 7 8 1 10 34 50 9 4 38 36 46 8 23 18 21 24 30 23 26 21 19 40 28 14 12 30 19 22 2 31 39 2 24 9 45 42 13 49 12 29 21 27 37 40 14 22 30 37 35 
44 33 8 12 50 12 28 50 14 37 13 33 47 4 14 1 17 17 38 9 13 13 30 7 43 23 6 4 10 23 50 49 45 37 10 31 38 25 6 16 10 21 35 18 50 26 30 35 46 21 5 46 28 24 21 33 40 49 5 4 28 8 48 19 16 44 42 18 5 46 17 11 41 34 9 47 13 26 19 33 46 15 34 13 43 35 33 10 39 31 6 34 5 42 15 19 37 32 10 7 
16 19 35 27 48 30 39 37 36 23 27 37 37 1 8 10 11 3 15 7 22 40 6 6 8 23 27 27 40 50 4 28 46 38 30 5 9 34 44 17 9 11 50 13 20 34 35 18 18 19 10 17 9 5 46 13 23 14 17 9 32 45 31 41 47 45 2 33 1 5 24 9 9 47 50 18 3 10 40 27 3 21 33 12 42 9 31 5 42 18 19 12 34 35 43 33 13 13 35 27 
6 16 27 26 43 2 47 45 30 40 24 29 16 20 31 24 36 1 10 32 37 47 45 12 38 1 14 50 24 30 14 40 26 47 4 17 18 38 5 6 5 47 17 23 50 29 11 48 26 15 34 1 22 8 39 22 30 43 27 40 22 36 3 35 5 17 32 16 2 50 33 21 10 1 50 30 45 21 18 37 37 18 42 8 15 50 14 38 7 38 9 35 34 23 10 36 4 6 28 15 
24 7 30 8 30 30 28 17 32 23 42 18 42 46 45 5 49 14 33 11 5 3 5 24 28 29 31 3 26 37 24 11 8 25 39 45 4 19 10 50 42 12 45 46 20 42 32 11 4 5 23 23 14 39 36 39 1 26 47 45 36 32 22 19 23 48 26 24 28 9 16 33 9 16 32 29 13 17 47 25 28 38 9 9 5 14 3 36 46 47 30 2 11 37 9 6 43 1 44 41 
45 27 27 27 47 39 15 47 21 7 28 12 25 45 23 39 9 2 13 10 36 18 18 6 8 47 28 50 13 15 46 3 39 21 50 45 29 37 20 35 22 40 16 8 3 19 21 23 41 50 20 31 43 45 46 29 7 26 47 37 32 25 17 27 24 46 30 21 21 39 6 34 38 42 50 25 7 26 4 9 24 30 42 49 30 33 21 23 10 28 5 34 37 48 44 32 3 33 25 43 
15 18 42 3 33 49 7 35 19 3 18 20 47 15 9 12 19 27 30 3 46 11 25 50 37 17 46 33 21 31 15 43 50 30 27 46 19 1 20 43 24 31 44 47 37 1 37 31 1 17 36 6 10 4 21 16 12 36 13 13 30 18 33 19 7 34 35 4 34 11 33 44 12 49 3 21 25 3 39 13 48 49 6 33 1 17 25 23 3 45 15 18 14 49 8 31 22 7 8 12 
6 42 31 15 39 14 23 26 9 45 24 7 21 9 2 21 17 14 9 10 33 6 20 5 38 49 30 23 3 3 20 29 22 2 44 14 38 26 27 11 23 15 4 32 2 23 32 3 6 39 47 31 9 18 34 21 19 43 17 27 48 40 33 26 7 31 50 22 32 38 22 26 6 10 5 25 7 16 33 6 19 28 40 6 29 32 15 5 45 30 2 38 37 3 47 6 30 28 32 19 
47 39 18 15 2 9 23 13 18 28 50 16 4 9 46 3 40 16 34 14 17 47 8 34 38 8 47 48 43 40 38 3 29 36 9 50 7 16 42 15 9 28 44 23 46 8 35 15 46 8 18 27 39 6 15 23 3 10 25 37 7 26 14 45 1 47 38 23 39 28 26 12 3 18 6 8 47 44 32 24 14 47 27 7 28 35 44 43 16 9 8 50 43 34 33 47 45 17 50 20 
33 10 1 5 14 31 42 29 34 31 39 42 5 14 45 25 42 20 6 28 28 22 29 13 24 1 46 28 27 50 2 33 33 36 32 35 33 39 24 40 37 27 3 27 29 34 36 12 15 15 28 31 40 46 40 20 21 16 4 13 34 38 22 49 12 44 7 38 19 10 30 28 1 8 31 19 2 32 37 31 11 14 36 3 29 15 28 5 5 39 32 12 39 23 28 19 44 19 32 19 
40 24 28 50 33 7 8 43 6 10 29 37 31 23 38 45 12 42 16 43 34 47 29 32 1 41 14 2 12 43 10 28 26 23 38 36 25 4 11 1 46 33 8 33 13 35 22 28 25 41 14 23 13 25 5 26 36 27 43 32 41 25 10 33 20 25 32 25 5 38 41 36 5 5 21 7 5 19 45 46 26 49 1 12 34 50 36 15 2 39 37 40 26 14 36 43 19 45 7 44 
5 14 27 38 40 46 26 17 19 1 11 17 47 41 45 35 44 40 4 12 33 1 18 33 12 12 13 28 27 22 9 50 3 5 2 12 2 49 13 36 36 38 41 29 42 22 8 37 38 36 41 8 11 27 23 13 11 46 1 17 44 38 28 35 27 37 35 50 46 20 9 37 12 6 35 25 50 49 47 44 45 41 34 7 27 5 37 8 14 41 2 28 30 47 25 36 36 48 6 35 
18 17 23 45 25 32 34 44 21 16 15 32 23 36 16 26 15 48 36 8 25 42 14 41 15 44 5 39 14 48 33 50 10 40 42 18 48 11 37 39 36 17 11 6 38 12 49 49 26 13 9 39 50 11 15 38 3 13 12 11 10 9 13 45 29 40 6 13 14 42 20 13 32 23 19 12 1 40 16 11 20 6 42 19 23 40 8 12 12 20 44 29 15 4 14 32 2 49 23 34 
14 37 50 39 17 22 2 3 21 35 35 42 34 19 43 50 10 48 33 29 8 42 17 39 2 15 44 35 32 27 24 6 8 1 28 9 42 8 40 32 7 13 17 49 12 21 22 32 43 33 21 21 6 6 4 41 49 18 50 5 30 35 25 44 33 16 40 2 25 2 32 47 40 9 29 1 22 40 14 16 41 25 5 47 34 40 23 39 41 42 17 2 33 11 50 39 2 47 46 41 
12 12 12 11 10 26 17 2 34 7 46 34 9 29 15 27 30 23 32 35 6 6 43 19 7 10 40 17 18 24 37 25 40 26 32 13 20 30 14 17 37 8 42 29 18 41 27 31 42 10 10 31 40 15 4 2 11 2 46 14 39 48 3 23 25 27 14 46 36 46 36 34 28 19 27 11 12 32 42 30 19 41 26 24 28 37 34 39 31 2 40 36 25 3 6 16 12 21 16 8 
5 20 20 22 2 44 34 19 41 27 22 24 39 43 38 18 50 33 47 41 26 37 34 1 23 9 5 42 21 35 21 20 42 50 31 24 17 40 33 20 35 13 23 37 6 43 28 3 6 35 28 39 30 18 6 12 10 11 19 10 41 37 16 35 19 6 48 30 7 36 8 17 2 16 16 46 16 16 17 10 7 40 11 27 31 37 26 43 45 22 33 11 46 18 12 22 44 18 39 14 
7 46 27 16 18 8 13 50 21 5 43 11 6 6 49 1 48 13 41 9 35 14 6 50 18 37 20 11 21 29 22 6 26 11 35 39 44 13 20 27 24 38 14 10 47 32 48 37 23 2 41 40 12 16 42 14 9 6 17 3 44 46 31 10 11 20 16 14 10 33 40 12 5 40 44 15 40 8 50 48 14 13 30 4 48 45 14 36 49 23 32 31 36 20 4 33 4 21 29 46 
12 10 38 23 26 44 6 39 35 18 5 30 27 7 2 12 50 44 19 45 25 39 36 29 41 21 6 10 13 30 26 30 33 38 24 28 45 22 4 32 15 28 17 5 26 1 40 6 11 28 21 46 47 39 16 29 37 1 40 32 43 36 1 41 7 40 45 8 39 39 26 29 38 30 24 12 35 17 44 29 37 45 5 28 27 6 8 9 20 36 19 16 38 8 14 26 21 3 40 2 
19 1 34 30 25 38 22 11 22 24 24 28 21 46 13 31 21 6 26 23 50 11 29 6 20 40 49 9 25 48 45 34 9 26 30 4 22 19 10 24 2 32 27 21 3 15 43 32 20 30 26 14 16 8 24 26 30 5 45 49 46 41 22 18 16 42 27 21 33 8 19 30 29 37 39 28 24 29 48 8 4 20 3 28 14 34 17 46 15 50 29 43 22 50 6 10 24 16 7 18 
26 37 32 34 8 38 14 38 12 24 26 22 22 41 42 42 4 8 45 21 16 39 3 46 45 3 7 15 44 34 37 25 46 4 35 12 30 48 32 49 14 46 40 30 4 37 41 30 19 34 33 31 32 21 15 47 7 10 44 30 14 24 29 22 3 30 8 35 42 25 12 20 18 40 24 34 42 6 39 22 45 10 13 36 21 22 30 32 21 38 3 21 44 23 50 24 17 10 23 5 
3 23 15 36 21 5 50 31 7 20 47 18 29 29 40 14 33 30 32 46 45 5 14 45 4 40 42 35 41 50 43 6 28 13 18 3 17 21 43 4 44 42 8 12 19 18 13 36 37 39 23 44 23 16 25 39 50 3 7 32 4 45 6 42 4 1 44 34 3 19 21 11 40 19 48 41 7 15 44 31 36 1 50 9 3 46 13 37 44 1 11 6 2 27 50 34 23 22 49 40 
31 2 48 41 16 5 45 45 33 44 31 5 41 27 24 29 2 50 35 30 43 28 18 42 19 2 32 39 29 34 21 22 38 9 1 6 2 2 48 41 36 42 45 42 49 29 16 33 3 17 22 35 18 46 30 44 17 36 33 48 42 2 16 32 7 43 12 3 21 37 10 15 19 7 29 26 2 49 28 10 36 14 18 34 1 47 38 26 19 11 15 49 11 42 47 45 7 45 44 5 
19 50 25 49 18 31 37 16 15 4 8 14 34 22 23 41 48 49 45 9 35 4 2 35 9 37 6 38 1 14 30 18 36 3 27 50 26 7 27 24 41 9 3 47 42 46 34 41 9 10 10 23 28 2 30 3 27 43 40 29 46 48 22 35 22 7 36 35 3 43 32 28 2 24 7 43 14 47 9 50 10 11 5 46 38 24 1 1 50 28 12 50 45 13 38 21 1 24 48 34 
42 44 12 9 47 30 38 50 40 14 45 27 3 40 26 21 19 7 38 27 26 24 46 21 4 39 42 9 8 22 21 3 41 25 42 45 16 40 38 33 36 35 36 24 6 45 21 14 1 32 39 26 44 32 1 33 4 27 44 41 36 20 2 23 7 34 30 37 18 10 47 13 2 6 32 22 31 49 31 36 10 19 6 25 37 1 2 8 38 18 10 7 17 20 2 7 37 26 16 47 
11 21 17 10 37 12 8 33 44 42 18 4 3 40 30 5 17 32 25 16 28 20 34 50 1 24 36 8 20 19 35 44 45 35 49 38 19 2 39 22 21 41 8 26 25 45 7 11 29 48 31 4 29 8 11 25 15 25 30 25 11 49 48 1 5 36 18 38 40 38 40 6 14 46 31 23 4 16 17 11 46 9 26 43 15 28 50 39 17 24 45 34 15 33 16 16 8 42 34 13 
6 38 40 33 21 19 19 23 37 22 25 49 40 8 5 24 12 8 31 32 33 6 32 3 33 18 6 11 14 7 48 44 20 20 14 20 30 50 22 48 46 24 16 8 50 9 25 15 6 46 26 4 7 16 13 26 33 32 45 45 33 20 41 4 14 25 18 35 40 10 18 23 37 9 37 30 1 8 6 44 31 50 21 17 46 5 25 36 3 19 39 33 11 6 11 47 29 49 9 41 
41 18 13 40 20 33 26 41 22 18 10 1 1 39 38 44 49 26 12 13 40 38 39 6 28 16 30 8 28 17 30 15 6 7 35 7 28 21 46 12 10 44 6 17 18 36 25 16 44 1 12 37 6 21 18 17 23 2 46 38 16 33 14 50 10 40 30 50 9 50 29 47 4 49 5 43 2 3 24 23 39 34 15 46 37 41 41 48 24 6 37 8 15 5 29 45 47 49 17 45 
15 13 22 9 35 30 2 29 40 11 48 45 42 31 35 50 40 44 25 5 40 9 29 13 10 34 10 9 6 13 10 50 15 7 31 25 22 1 25 37 49 32 27 20 25 46 36 10 18 50 33 40 47 40 36 22 5 41 16 24 43 34 11 41 10 33 36 44 1 9 45 32 48 32 28 8 2 7 46 31 26 34 36 18 22 1 10 13 42 7 14 19 29 49 42 26 3 27 46 13 
40 50 16 38 8 8 33 38 1 15 45 15 50 12 50 26 33 49 26 18 4 33 44 2 30 27 44 17 44 11 50 10 23 31 12 4 44 8 46 1 34 6 36 39 9 43 42 12 22 12 33 31 37 26 4 23 27 25 23 12 22 5 8 4 48 29 44 14 26 43 11 42 6 24 34 39 3 24 33 21 44 43 12 15 41 28 6 23 40 40 35 42 21 39 7 43 10 38 22 20 
24 2 35 38 24 42 4 24 11 11 39 38 21 44 50 28 24 46 15 27 6 17 25 29 7 49 30 24 32 7 27 17 14 49 35 30 2 8 15 45 9 7 23 5 17 37 13 48 26 2 31 3 12 44 48 47 41 43 19 25 24 35 6 18 6 20 37 32 34 31 22 8 20 37 45 11 12 23 11 47 12 33 12 12 15 15 41 40 12 36 48 10 15 23 7 37 24 10 32 37 
35 20 17 40 31 27 45 36 35 7 45 6 47 29 27 45 7 33 5 30 23 13 18 49 4 38 15 34 47 7 5 44 29 50 9 8 9 17 15 24 24 42 20 13 13 11 25 43 46 13 37 44 45 16 28 31 43 1 32 14 5 40 30 50 10 41 18 48 14 37 35 41 15 31 12 6 49 9 49 38 38 36 49 9 44 19 23 33 34 14 11 16 6 20 20 29 36 17 29 39 
18 1 11 45 33 31 13 2 7 22 18 6 3 16 26 39 48 19 34 48 24 19 3 28 1 10 7 35 24 47 5 40 1 42 13 13 34 25 33 14 38 8 3 1 38 42 45 42 16 45 30 19 15 38 24 21 13 22 48 17 26 3 13 41 12 34 2 29 5 6 32 3 48 22 12 21 15 50 3 6 42 5 29 9 6 11 3 31 1 50 30 8 4 40 17 44 10 44 31 39 
18 48 31 27 22 23 17 47 11 47 9 29 24 34 11 45 20 16 49 25 34 19 9 22 4 12 42 27 43 1 7 26 6 1 36 17 23 13 18 21 27 40 14 20 30 16 33 40 26 23 7 41 38 33 20 33 27 34 14 29 46 17 50 45 11 3 11 31 43 28 2 42 47 48 38 1 44 49 3 25 43 3 17 46 23 19 14 42 38 11 48 41 31 33 5 32 37 33 30 34 
5 33 19 14 47 12 8 16 34 18 39 34 17 40 28 1 34 7 29 15 34 49 34 21 28 18 2 12 13 50 37 21 28 1 15 32 25 47 47 5 30 4 11 47 24 39 45 9 2 43 28 5 22 33 49 5 20 18 32 36 18 23 17 26 34 1 27 21 2 40 5 2 26 36 37 28 1 35 9 27 42 7 35 32 35 25 39 48 16 31 7 39 41 45 22 16 34 42 47 28 
17 15 15 11 27 12 46 9 2 39 39 12 20 47 39 11 25 1 45 42 24 22 12 12 34 14 31 21 13 30 15 43 17 2 7 22 10 2 21 29 9 44 40 38 20 32 23 39 23 3 5 11 42 13 14 35 36 8 19 25 17 17 36 25 44 7 45 22 20 16 45 25 13 40 40 1 14 3 26 39 12 10 39 22 21 5 33 29 17 18 6 6 27 23 9 6 10 20 32 19 
30 10 6 21 40 11 17 9 46 32 25 16 32 32 39 19 33 2 39 45 11 47 8 28 33 14 24 17 41 46 18 27 28 26 45 17 49 11 42 2 24 15 9 16 27 12 20 1 4 32 24 5 11 16 6 20 4 45 19 10 1 33 14 28 13 34 29 30 40 40 3 13 47 1 37 5 36 14 31 9 1 2 4 33 44 6 39 13 35 19 19 18 5 13 5 24 47 12 12 47 
13 25 49 34 42 28 7 20 32 15 42 20 4 43 12 10 50 15 1 9 25 10 15 50 23 10 37 5 5 44 12 25 49 1 36 31 44 9 24 43 14 7 21 38 14 12 44 35 19 21 21 22 9 8 23 14 36 1 8 6 43 49 49 8 15 8 44 33 38 8 14 47 40 48 7 45 25 5 16 43 1 32 27 35 30 49 46 23 23 14 32 31 8 5 26 49 49 29 24 23 
31 38 21 48 23 15 12 30 14 16 32 32 29 23 41 32 27 50 34 23 41 10 7 26 44 27 19 18 39 6 21 13 49 12 18 11 3 46 25 33 26 6 11 17 29 15 46 41 27 18 2 3 42 31 9 22 42 14 1 24 44 14 14 15 8 38 19 6 13 1 26 40 19 35 3 17 22 6 2 2 13 47 44 44 38 49 18 48 2 3 24 39 28 25 3 29 27 9 8 12 
14 48 41 41 31 44 10 36 14 17 10 17 2 23 1 6 19 40 25 38 19 26 2 17 5 30 1 48 47 4 5 25 1 39 32 46 9 3 20 42 26 17 23 49 12 25 5 19 23 9 27 17 18 44 9 37 24 1 41 29 46 13 7 6 2 30 22 37 20 38 46 1 18 3 14 34 12 8 1 29 28 28 29 16 43 3 46 25 24 32 7 22 46 18 8 36 8 44 11 13 
46 2 32 39 4 2 3 31 24 23 17 33 20 47 19 50 7 38 46 48 26 24 32 25 23 46 14 28 7 10 33 46 35 6 46 1 24 14 7 50 36 26 50 26 41 24 26 4 37 4 6 29 24 12 10 50 11 50 28 39 38 44 2 37 31 34 2 32 17 27 10 21 9 47 12 44 46 12 10 25 24 47 32 27 18 12 8 42 34 44 44 2 42 12 11 3 1 20 31 3 
18 32 36 4 30 34 19 19 50 40 19 38 6 39 37 46 15 6 12 43 29 16 34 8 22 18 1 50 12 46 14 17 3 4 31 3 10 49 5 16 43 41 27 1 11 24 30 19 49 14 21 30 40 31 5 2 45 27 46 45 50 48 33 10 43 37 7 49 5 21 41 20 29 15 49 11 27 1 13 12 4 27 18 3 12 45 12 32 43 37 30 2 44 48 45 13 34 30 19 20 
9 1 27 11 41 22 43 36 49 2 7 11 36 35 46 45 41 2 19 20 48 4 37 37 30 46 22 26 8 40 42 38 19 2 14 40 15 35 10 16 9 42 14 17 7 25 27 47 22 7 3 5 48 26 9 7 40 9 25 33 47 37 2 19 37 34 10 3 35 36 41 9 25 38 48 33 27 21 36 45 4 42 27 12 27 2 37 47 36 22 37 12 45 48 42 39 47 17 33 26 
35 1 38 40 21 6 45 33 50 34 41 45 18 44 48 12 49 7 22 20 46 15 24 44 46 40 49 13 49 40 3 18 40 36 48 34 4 40 33 34 44 27 43 3 3 46 40 38 2 21 36 14 35 27 41 35 11 43 29 20 39 7 18 25 25 10 36 25 25 45 6 13 27 40 14 9 38 26 42 7 7 37 46 13 4 9 41 16 11 13 19 34 11 12 8 2 11 32 50 30 
2 35 19 2 3 17 25 15 14 48 34 2 19 25 31 8 6 31 24 47 36 43 15 10 48 49 29 31 40 7 6 21 3 25 11 8 11 5 34 49 49 6 30 2 4 18 47 3 43 18 49 43 10 24 29 38 13 27 18 28 46 45 37 32 5 3 42 24 4 24 31 15 32 47 26 39 29 50 43 43 33 50 8 16 20 48 50 7 48 41 46 3 50 36 12 36 3 2 2 41 
29 29 48 48 2 7 44 36 4 11 31 4 3 45 3 24 31 25 42 31 44 27 38 17 34 24 22 34 46 38 39 13 19 21 22 34 43 5 49 30 37 34 29 14 39 5 27 48 23 33 50 43 47 7 40 5 48 41 16 50 32 10 42 29 11 1 30 45 50 43 39 3 7 45 12 41 14 25 31 42 11 33 26 40 43 16 35 41 12 36 50 19 4 11 43 39 15 49 8 44 
6 31 35 14 37 17 47 30 28 10 13 17 5 7 19 4 47 22 45 17 13 1 34 38 19 35 7 28 46 31 16 11 29 7 38 7 12 4 33 2 35 23 42 25 23 24 29 21 47 3 35 26 48 39 44 11 45 1 47 44 45 33 15 40 42 18 37 34 32 13 45 47 45 7 8 31 15 34 16 50 25 16 17 21 35 40 47 10 9 42 20 37 12 38 27 23 40 40 4 46 
39 18 26 42 49 32 42 41 37 27 24 38 8 26 48 16 40 1 40 23 26 1 15 10 37 28 41 29 14 2 21 6 2 2 45 22 22 15 47 37 39 32 49 9 31 47 9 13 39 26 27 20 39 39 36 5 22 38 28 10 49 38 15 30 13 14 6 19 18 5 38 4 7 34 42 9 46 47 15 34 22 12 44 4 34 35 24 50 37 10 29 27 1 10 19 41 34 24 50 6 
19 23 3 28 3 5 6 13 2 44 24 43 43 20 41 41 13 36 45 45 15 14 20 31 46 40 47 19 47 25 18 9 24 1 29 41 12 50 49 11 39 21 40 26 5 30 24 38 33 9 34 4 24 42 35 48 1 50 30 41 26 13 43 19 32 44 10 5 19 48 17 49 42 10 13 22 25 23 27 41 49 33 47 35 22 21 6 32 22 40 26 24 5 5 23 11 32 20 16 24 
9 3 30 18 17 17 25 33 49 24 5 33 44 29 47 37 22 45 28 28 44 30 36 44 50 28 2 50 27 32 27 3 34 40 36 45 44 41 35 2 25 25 48 19 32 43 40 5 47 20 16 25 39 42 39 23 3 47 45 38 27 36 14 37 10 14 30 20 19 23 40 19 30 33 12 29 7 15 28 37 1 27 37 4 12 37 37 1 22 27 25 12 38 46 11 26 8 9 49 49 
33 27 17 16 17 12 36 14 15 10 11 1 37 23 6 30 20 7 34 27 50 14 10 4 33 24 33 39 24 7 6 47 42 17 41 43 31 6 35 44 29 10 44 13 25 13 38 14 46 39 9 17 20 12 41 22 7 42 11 18 27 6 14 7 13 24 6 40 28 17 37 22 9 3 22 15 3 15 7 32 11 19 45 7 43 50 6 20 44 16 6 11 1 11 41 5 7 8 45 6 
35 13 30 45 7 23 25 42 30 2 19 18 16 42 21 42 23 43 8 28 44 38 19 18 7 32 12 16 30 22 40 11 34 23 9 50 13 26 30 34 43 14 35 10 20 6 12 2 41 35 25 38 12 4 31 40 16 35 9 11 30 2 45 50 5 13 23 38 19 31 49 34 44 17 8 22 11 44 6 27 16 47 25 9 14 44 27 7 7 19 26 8 2 35 12 8 41 9 38 14 
23 17 19 9 8 16 40 33 12 11 12 49 1 43 43 42 6 41 12 5 23 17 18 29 13 13 6 21 41 18 27 30 21 22 44 9 33 43 33 49 39 40 28 35 45 5 18 10 8 35 38 2 34 46 39 10 29 13 40 47 45 29 39 25 46 49 6 50 22 4 3 16 10 24 10 23 30 38 7 10 2 38 15 41 16 31 4 45 32 47 37 40 47 46 33 20 27 43 4 12 
34 12 24 30 27 46 8 42 29 38 39 40 37 18 37 30 7 33 43 22 8 41 36 21 17 22 47 32 39 9 47 41 30 40 8 11 27 35 35 28 22 29 13 17 1 38 50 16 43 20 21 27 38 6 15 25 16 7 12 24 1 21 18 41 42 7 22 8 24 3 5 3 25 4 41 5 2 40 47 13 9 6 44 43 42 41 44 36 43 2 41 38 18 40 42 8 27 39 46 48 
15 19 42 22 3 3 16 3 40 37 27 48 20 6 33 48 47 15 2 35 8 37 39 15 15 20 24 4 36 13 24 22 49 15 13 4 11 4 37 49 30 12 39 15 37 8 48 5 6 22 12 19 49 1 17 37 24 20 28 42 6 32 49 36 13 24 25 9 5 13 39 43 12 44 17 26 12 25 45 16 26 18 15 40 46 32 38 3 15 32 40 26 37 14 17 27 8 6 8 45 
18 20 5 40 31 6 42 11 43 10 21 36 17 47 6 20 25 6 29 12 13 2 32 6 2 1 42 29 13 18 48 21 19 9 9 10 33 38 45 46 4 38 30 33 41 48 3 16 15 6 30 44 36 36 29 36 2 32 10 41 27 7 49 26 10 22 13 23 25 5 36 41 7 40 14 20 30 9 28 24 47 41 10 20 19 42 50 46 5 35 22 2 22 23 18 43 15 25 15 46 
44 44 29 29 25 20 29 17 19 25 43 21 50 36 9 16 18 3 16 42 4 7 10 33 26 42 2 19 37 40 16 7 12 30 45 24 11 28 1 3 6 38 43 35 3 9 2 16 17 11 3 16 23 22 46 9 40 10 3 37 25 33 6 4 14 15 49 49 24 45 22 34 34 18 14 11 37 40 48 14 50 15 28 26 18 43 6 29 42 22 9 12 46 40 4 35 25 21 31 49 
38 14 23 19 8 5 36 45 13 39 45 27 31 27 19 41 41 24 22 38 16 50 7 1 49 18 42 12 46 35 26 47 4 5 18 15 46 19 38 12 2 35 8 24 38 49 39 42 47 38 33 2 28 12 38 19 50 46 4 9 41 42 12 25 26 48 49 18 6 47 4 6 31 44 47 2 26 46 17 25 48 10 44 27 49 15 47 18 31 48 29 46 42 2 42 22 29 42 2 18 
43 32 4 44 29 50 45 9 46 22 4 20 40 42 30 37 20 31 42 44 26 22 4 11 35 47 46 16 26 29 11 5 23 6 13 35 25 48 37 26 2 2 7 27 1 25 17 19 48 36 20 1 16 34 1 6 18 31 23 9 35 41 9 21 14 17 25 26 14 39 44 15 27 16 30 50 29 2 41 14 19 6 27 41 40 21 1 32 30 11 49 40 49 29 46 41 26 3 35 32 
44 21 5 40 25 20 8 42 17 17 8 1 15 3 11 5 19 7 42 18 15 48 40 24 42 42 32 36 45 8 18 32 21 38 28 50 21 47 50 49 17 23 4 40 44 14 17 6 30 25 48 33 9 5 50 13 6 19 16 13 19 12 7 27 1 6 35 1 25 10 24 6 10 19 3 6 29 48 27 25 40 10 19 33 4 12 8 26 47 21 21 13 20 25 49 26 22 18 32 48 
27 42 18 14 22 30 1 25 43 20 16 20 16 36 6 47 14 36 2 1 15 38 25 13 29 37 23 40 18 50 21 36 31 17 33 37 8 41 38 24 22 38 7 46 15 2 4 2 38 49 32 15 41 14 31 45 37 37 31 29 12 35 2 33 38 47 33 36 10 28 38 32 23 34 43 48 15 50 11 35 14 9 18 15 18 21 29 16 24 1 45 46 2 9 3 33 6 31 46 10 
25 29 14 26 2 14 11 10 1 1 45 28 31 40 48 28 27 41 35 14 46 7 38 32 39 45 9 44 26 50 17 20 31 20 23 15 34 18 34 33 4 44 2 37 22 29 29 20 25 15 15 2 33 12 14 3 28 28 38 49 24 14 4 31 21 40 25 11 26 29 36 10 27 47 13 17 40 35 15 17 29 10 37 39 16 39 11 17 9 38 15 26 46 49 21 14 26 39 2 23 

0 887 749 385 880 965 137 361 646 313 187 106 748 233 794 516 907 615 996 616 715 841 848 834 387 532 660 933 171 121 798 825 134 608 485 272 712 778 306 439 722 131 401 627 908 586 151 536 536 934 384 725 627 157 799 360 183 771 175 431 690 873 657 647 961 325 511 552 752 152 809 439 931 718 993 917 387 962 735 415 970 707 937 873 606 431 380 649 845 742 273 322 779 547 219 507 200 262 596 435 