50
16 8 15 4 10 1 6 19 10 16 15 7 18 11 5 10 18 10 8 15 1 3 2 11 5 6 13 9 6 19 6 2 12 10 20 3 12 7 18 6 5 9 5 11 10 17 20 10 19 13 
1 9 9 16 13 19 5 2 16 20 19 10 7 14 7 4 12 12 9 17 20 10 10 13 5 2 14 3 11 2 13 20 1 4 7 15 12 20 8 4 1 2 13 9 13 20 14 3 18 14 
9 3 8 6 14 19 1 18 20 16 14 8 15 15 9 2 15 10 1 18 7 2 16 13 17 17 18 8 2 5 2 10 6 16 2 4 9 10 14 18 13 17 19 15 1 20 11 10 18 17 
7 2 10 10 17 10 14 12 1 6 17 17 20 1 5 6 17 18 17 19 12 20 15 20 4 11 14 12 20 7 6 16 13 14 3 10 8 19 15 13 19 4 4 1 2 13 4 1 8 18 
12 12 15 20 8 13 18 15 15 12 6 7 7 18 18 13 14 3 12 10 2 18 11 14 8 8 6 13 9 7 9 12 14 5 4 18 2 6 11 19 20 16 14 4 7 16 10 17 19 3 
5 13 12 6 3 14 13 11 20 12 14 3 5 15 5 9 16 20 19 2 13 7 9 17 6 12 8 8 12 15 20 4 16 20 1 9 18 16 4 17 3 11 7 1 11 13 7 10 9 13 
17 12 17 16 14 11 3 14 16 3 3 8 9 19 18 4 2 7 10 11 3 9 5 18 7 20 4 17 19 15 8 17 19 3 11 15 9 20 17 1 8 12 15 18 8 18 8 5 19 18 
8 9 3 14 9 5 12 19 10 8 9 11 2 18 1 7 20 5 2 12 17 14 2 20 9 5 19 4 7 19 9 8 3 1 20 10 13 11 4 13 15 2 1 12 9 7 20 15 4 16 
8 17 12 5 7 18 5 13 19 3 2 16 13 18 18 6 3 2 20 11 6 12 8 17 10 15 1 8 11 4 12 2 10 3 9 15 10 12 4 12 5 8 9 19 10 15 8 8 20 14 
17 8 17 2 7 8 4 20 19 7 16 17 13 15 1 10 8 14 8 5 20 13 11 9 6 13 9 20 12 1 15 11 3 17 13 17 3 1 11 15 13 8 6 7 19 13 1 9 15 15 
2 8 15 19 3 9 11 17 17 15 19 18 18 3 12 13 18 5 6 19 19 9 13 8 15 19 16 7 1 3 4 19 3 20 20 7 1 9 9 17 19 3 7 18 15 17 10 13 10 15 
13 20 9 17 8 9 8 3 14 14 16 3 14 15 3 10 16 9 20 15 20 17 5 15 18 18 12 14 19 16 20 19 9 9 14 1 7 7 9 4 14 2 15 19 6 9 3 16 12 8 
7 2 4 5 6 10 15 2 3 15 12 15 14 6 10 2 2 9 3 1 1 17 19 7 7 8 19 15 6 13 12 14 2 2 18 19 16 19 18 1 12 13 17 9 2 15 4 8 12 9 
2 20 12 9 6 4 11 11 3 16 14 9 7 11 5 17 9 8 10 3 4 11 17 5 1 8 20 3 1 7 5 2 11 13 16 17 12 14 18 13 1 2 5 17 7 5 11 6 18 1 
5 18 12 19 2 17 6 19 19 4 10 10 13 13 8 6 16 6 20 16 10 4 9 4 4 3 20 8 14 10 7 4 4 19 18 3 12 7 19 19 19 7 9 13 10 14 11 1 17 15 
3 1 20 14 14 6 7 17 9 17 19 6 8 8 5 20 13 10 11 1 10 2 8 16 9 16 6 16 19 5 15 4 10 20 6 19 18 15 3 3 6 2 15 7 4 13 18 10 9 2 
1 20 5 16 17 12 13 20 7 6 16 7 14 14 16 11 2 1 15 20 15 18 17 10 5 6 10 12 17 20 3 18 6 19 10 3 2 4 18 16 14 11 3 8 8 11 7 4 13 17 
15 10 16 10 11 13 3 19 8 19 16 1 9 18 20 20 7 2 9 15 18 6 20 12 15 9 10 5 13 6 7 1 9 13 18 11 9 6 1 4 1 3 17 2 13 7 10 16 17 1 
9 14 7 3 6 19 5 14 14 3 6 9 15 10 10 7 18 12 5 18 12 12 2 15 13 15 11 19 1 11 12 6 7 19 19 14 11 17 18 13 12 12 5 3 10 15 12 16 11 11 
16 4 20 1 10 16 17 18 7 5 6 3 17 11 1 13 17 12 15 19 12 17 7 20 8 10 15 6 7 20 15 13 14 11 6 12 4 15 18 3 11 3 16 10 7 17 17 17 13 14 
6 10 15 2 7 19 4 5 16 15 11 3 12 17 8 16 6 19 7 10 5 3 11 17 13 2 8 12 15 15 11 10 10 19 2 7 12 17 14 8 17 5 16 13 6 4 18 20 13 12 
17 1 13 20 19 18 11 5 6 11 12 16 1 8 14 19 17 1 10 3 10 3 20 1 8 17 20 9 6 14 3 7 9 15 17 5 2 5 11 14 16 7 20 2 16 6 4 4 11 7 
18 3 1 15 5 18 11 8 2 13 16 5 15 4 5 18 8 16 7 16 15 1 9 17 6 19 12 18 16 14 3 18 3 7 8 16 11 13 17 12 13 5 12 1 4 16 12 8 7 4 
16 7 6 18 11 18 1 12 17 3 18 2 15 19 13 6 7 1 4 6 3 7 16 12 16 19 11 20 8 2 5 8 19 17 12 20 12 17 19 20 18 7 15 19 13 14 2 12 10 13 
5 20 7 7 20 14 6 14 20 10 15 6 12 11 15 15 19 5 2 18 10 14 12 15 1 5 6 3 2 18 19 12 20 18 11 7 14 17 16 17 8 4 13 18 12 13 8 20 5 5 
10 6 5 1 9 3 2 16 15 6 8 14 17 17 9 9 4 8 5 2 4 11 11 11 11 13 16 11 18 12 1 14 2 1 12 12 20 11 7 3 11 1 9 9 9 15 12 14 20 7 
7 1 11 2 1 9 2 11 1 2 16 1 12 11 16 17 1 7 13 7 20 13 12 1 15 3 10 15 7 7 5 10 10 15 6 20 11 1 2 20 17 4 15 12 15 4 19 9 12 13 
7 9 9 15 8 1 16 9 6 15 10 6 9 19 19 7 20 19 5 1 5 8 9 17 17 17 6 17 8 5 16 12 6 19 19 18 18 1 6 12 15 1 15 7 2 2 15 12 6 2 
8 5 4 6 1 6 9 16 5 6 10 17 2 7 15 19 10 12 2 16 6 15 10 20 19 20 20 16 13 3 7 13 9 12 10 1 13 9 18 19 1 8 8 10 19 14 5 3 5 18 
11 13 18 19 19 2 16 10 17 14 17 11 13 11 18 19 3 4 13 18 5 18 3 13 4 5 14 15 2 20 3 7 13 7 18 3 17 4 13 20 1 19 18 10 15 15 9 15 4 5 
11 4 6 7 17 5 19 7 6 8 13 10 1 3 4 13 3 20 18 8 16 1 18 6 14 10 6 8 1 10 1 20 13 1 19 16 15 8 3 16 7 9 12 2 1 14 16 15 19 10 
10 3 3 16 3 1 9 13 6 16 9 13 9 16 16 20 12 18 17 9 15 6 2 15 18 10 1 13 15 3 20 7 2 17 1 12 16 15 4 13 11 20 7 20 7 2 1 12 4 6 
15 1 20 5 20 10 19 7 9 9 7 9 18 4 6 10 7 19 5 3 1 8 5 17 20 12 10 8 5 16 20 19 19 4 13 20 19 2 7 17 11 12 4 16 19 15 11 1 16 1 
8 1 1 18 16 20 3 16 4 8 17 8 4 12 1 5 18 3 10 7 12 2 10 14 8 6 19 14 19 7 14 20 19 7 1 16 20 10 16 12 15 12 3 15 9 1 5 4 13 20 
18 20 5 20 9 13 16 13 12 14 19 5 17 13 16 4 17 8 13 6 15 1 18 4 2 10 1 3 6 8 18 7 16 11 1 8 5 12 2 18 9 4 5 19 7 15 7 16 8 12 
11 10 4 19 1 3 5 18 12 13 14 11 18 1 20 6 20 19 8 15 11 11 11 4 4 9 18 6 3 5 17 10 19 1 11 19 18 15 2 12 4 12 8 4 12 7 7 18 19 7 
9 5 17 12 12 13 15 7 20 11 11 6 6 19 18 12 2 9 9 17 9 16 14 12 18 4 6 2 12 15 15 20 11 19 14 18 7 8 7 2 13 2 4 12 9 10 18 9 11 11 
11 3 12 2 9 20 8 20 7 5 14 11 19 4 20 9 19 20 11 4 15 19 8 19 17 14 15 19 4 17 6 8 2 11 2 1 3 18 5 16 19 20 13 13 3 5 3 20 13 10 
7 1 9 9 17 11 15 5 20 3 8 13 16 14 12 18 17 6 11 3 12 9 16 19 10 12 18 13 2 2 6 3 11 9 13 12 15 9 13 17 9 2 9 18 4 2 13 1 15 14 
15 15 9 15 1 2 20 13 6 10 20 14 4 16 8 13 16 18 13 12 9 18 18 12 20 17 3 1 1 4 12 9 1 13 9 12 7 17 15 10 8 12 1 3 1 14 9 14 5 20 
18 1 12 8 16 14 9 9 14 9 12 18 5 20 1 4 19 15 19 3 7 20 5 14 10 8 7 20 20 12 7 5 5 12 20 16 16 14 16 7 18 11 3 11 3 4 7 18 1 9 
1 1 11 7 18 3 19 9 9 1 19 20 15 14 4 4 20 16 18 5 17 2 11 14 2 11 4 7 9 20 14 9 14 6 8 10 11 8 16 2 12 9 5 3 11 1 6 15 10 9 
10 10 3 7 17 7 6 13 10 6 4 1 14 15 1 12 14 15 19 16 5 19 11 18 9 18 1 15 19 11 9 14 14 20 12 5 4 6 5 4 7 9 11 2 10 15 3 10 9 17 
18 16 7 13 6 20 13 12 4 5 2 13 14 20 14 14 11 8 20 15 15 8 5 8 5 16 19 12 17 20 4 3 16 20 4 18 18 11 10 11 17 13 7 17 5 19 20 18 18 12 
11 2 10 2 1 4 6 18 7 9 8 6 15 11 3 7 6 11 11 16 11 7 2 8 18 15 4 8 10 18 11 6 5 2 4 19 9 12 9 2 1 8 13 3 10 6 4 20 14 12 
19 9 19 14 6 12 9 16 9 1 15 4 19 10 7 16 6 4 11 11 12 3 8 13 1 10 13 20 5 9 13 3 18 20 4 20 10 15 16 10 13 1 20 7 15 17 4 13 15 20 
20 9 12 12 7 1 3 12 6 10 8 1 16 4 20 8 13 17 19 2 17 16 19 16 20 1 18 2 5 3 4 15 17 1 16 15 20 14 10 20 9 2 10 15 9 16 14 12 17 16 
19 9 16 17 15 9 9 1 14 4 9 12 2 4 9 1 9 14 8 14 14 7 20 19 20 11 7 2 9 11 16 18 8 18 16 3 20 4 15 6 17 16 5 6 13 3 6 9 14 10 
5 10 14 5 14 10 10 2 9 18 6 17 11 1 2 16 20 11 4 14 14 9 10 10 10 3 13 15 20 19 16 9 14 9 13 7 7 19 5 19 20 19 18 8 3 11 20 13 1 14 
19 5 2 7 2 18 14 11 4 18 19 18 15 5 7 2 16 14 20 2 9 10 8 1 8 15 3 14 11 13 20 17 14 10 16 3 5 1 17 2 12 5 5 2 20 14 20 15 10 2 

0 111 128 297 209 265 260 259 252 143 221 193 162 309 265 394 389 380 138 390 117 114 107 157 202 396 166 132 362 193 261 116 188 139 109 350 206 104 201 311 239 368 328 280 172 281 358 160 192 278 