30
15 11 20 12 12 18 18 4 15 7 6 15 17 14 18 7 8 2 19 4 2 5 5 7 2 1 7 3 17 20 
16 20 13 7 12 3 3 9 6 14 6 15 2 9 14 16 2 3 16 19 11 19 8 5 6 17 17 16 17 19 
1 11 2 18 7 18 10 5 12 7 18 19 11 14 18 6 14 1 8 1 19 18 17 16 18 9 11 7 14 5 
8 17 9 4 6 13 20 8 19 8 2 9 15 13 4 13 12 15 1 15 20 9 7 8 6 1 16 9 1 9 
7 18 6 16 18 4 14 15 6 5 17 5 16 6 15 2 1 16 7 18 19 2 1 9 15 19 12 8 4 5 
9 15 2 10 19 6 19 13 20 7 9 5 11 2 12 2 18 7 20 20 12 11 18 13 11 7 13 6 18 5 
18 5 1 15 5 3 16 19 7 16 9 4 10 19 18 4 14 7 9 15 14 1 11 12 7 10 6 6 4 4 
4 9 14 1 9 1 13 17 3 11 3 13 3 17 4 11 3 4 17 16 5 15 17 4 16 6 17 4 6 11 
20 5 20 15 1 13 6 4 6 1 9 9 3 17 13 9 15 4 9 10 13 10 12 2 5 19 7 13 13 8 
5 1 18 6 8 20 19 12 6 20 13 10 13 17 9 4 8 8 10 15 3 15 5 4 8 19 16 17 17 9 
3 5 4 12 19 1 11 2 20 17 9 4 18 1 14 7 12 15 8 8 19 8 8 17 15 17 14 7 6 15 
8 14 1 9 7 17 3 19 3 18 19 2 5 8 14 8 13 16 6 13 6 3 1 7 12 5 20 17 1 18 
2 2 18 14 4 9 18 11 19 10 15 10 8 19 14 20 7 15 2 2 15 1 20 4 17 3 19 13 18 11 
15 15 6 12 20 12 4 19 10 19 15 8 13 8 7 5 1 18 18 3 20 4 2 11 20 4 9 19 7 14 
12 15 5 3 3 20 11 2 12 15 19 14 1 4 1 11 3 7 18 10 8 4 13 7 7 10 15 5 12 13 
9 10 1 19 4 17 8 6 9 10 7 4 10 7 10 5 16 12 15 6 16 10 8 13 6 8 14 5 8 20 
14 13 2 1 15 6 10 12 8 18 12 4 10 14 4 7 8 15 4 9 19 9 15 17 11 9 17 16 6 5 
14 14 14 10 9 14 3 4 11 18 7 3 16 13 7 2 17 5 18 1 7 5 7 5 5 15 3 17 2 16 
11 8 9 20 8 20 12 3 13 6 10 5 18 15 1 20 10 6 16 4 4 1 6 5 10 12 4 10 1 14 
8 16 11 10 16 6 3 6 12 10 2 11 4 12 9 20 13 10 14 18 14 3 18 1 13 15 4 2 5 2 
9 12 11 6 20 4 18 4 11 17 13 16 5 9 14 3 13 18 11 18 7 1 17 8 14 12 16 12 15 13 
2 8 8 3 11 12 17 19 2 15 15 18 10 16 20 18 1 17 12 11 4 8 4 1 19 15 14 2 3 14 
2 4 12 1 12 14 17 18 10 8 14 7 20 3 17 18 5 8 10 1 8 2 9 8 12 12 5 10 13 15 
4 11 6 20 4 13 12 2 15 18 17 6 10 2 12 4 15 18 10 6 13 11 14 16 17 9 5 19 4 16 
7 18 11 2 20 12 12 4 4 12 7 6 5 7 1 3 20 6 13 2 3 11 8 5 5 4 16 18 11 2 
12 18 5 9 7 17 1 2 11 6 4 14 5 4 9 8 3 4 4 3 9 17 18 20 9 18 4 9 3 16 
19 1 19 20 2 11 10 20 17 18 8 19 6 1 8 11 10 12 18 15 20 11 5 19 6 1 5 4 14 16 
16 8 20 6 12 5 3 20 13 3 2 16 1 1 13 13 11 12 10 13 2 2 8 16 1 10 17 9 6 8 
15 1 1 5 12 6 17 12 4 12 15 4 17 20 10 19 18 17 13 10 16 2 1 5 18 12 3 19 8 3 
16 6 18 2 19 20 4 1 6 18 16 19 13 13 2 16 9 13 17 14 11 7 1 16 4 17 16 4 1 15 

0 355 217 118 264 138 279 392 204 121 310 121 398 274 141 201 198 114 359 174 137 131 228 245 183 220 276 119 226 100 